0.00000587858373160738140000000000 
0.00000596174941574855710000000000 
0.00000604664381035306380000000000 
0.00000613331370672947210000000000 
0.00000622180743505988470000000000 
0.00000631217492299146620000000000 
0.00000640446775670707910000000000 
0.00000649873924458655060000000000 
0.00000659504448357504140000000000 
0.00000669344042838018720000000000 
0.00000679398596362499900000000000 
0.00000689674197908907850000000000 
0.00000700177144817638890000000000 
0.00000710913950975373940000000000 
0.00000721891355351019670000000000 
0.00000733116330899387090000000000 
0.00000744596093848891660000000000 
0.00000756338113390209980000000000 
0.00000768350121783494230000000000 
0.00000780640124902419980000000000 
0.00000793216413234022600000000000 
0.00000806087573353969140000000000 
0.00000819262499897592210000000000 
0.00000832750408047699880000000000 
0.00000846560846560846570000000000 
0.00000860703711354403340000000000 
0.00000875189259677405240000000000 
0.00000890028124888746510000000000 
0.00000905231331866858590000000000 
0.00000920810313075506390000000000 
0.00000936776925310775660000000000 
0.00000953143467154676150000000000 
0.00000969922697161036340000000000 
0.00000987127852799494650000000000 
0.00001004772670183371100000000000 
0.00001022871404607012800000000000 
0.00001041438851917809600000000000 
0.00001060490370747433600000000000 
0.00001080041905625938200000000000 
0.00001100110011001100100000000000 
0.00001120711876183751900000000000 
0.00001141865351237782000000000000 
0.00001163588973830884000000000000 
0.00001185901997058963100000000000 
0.00001208824418253248700000000000 
0.00001232377008774524300000000000 
0.00001256581344793355200000000000 
0.00001281459839048644300000000000 
0.00001307035773569122500000000000 
0.00001333333333333333300000000000 
0.00001360377640833095300000000000 
0.00001388194791493142400000000000 
0.00001416811889885380000000000000 
0.00001446257086659724600000000000 
0.00001476559616094499800000000000 
0.00001507749834147518200000000000 
0.00001539859256863922500000000000 
0.00001572920598968163900000000000 
0.00001606967812434717000000000000 
0.00001642036124794745500000000000 
0.00001678162076893386300000000000 
0.00001715383559763963100000000000 
0.00001753739850230616800000000000 
0.00001793271644788752500000000000 
0.00001834021091242549200000000000 
0.00001876031817499624800000000000 
0.00001919348956833841800000000000 
0.00001964019168827087600000000000 
0.00002010090655088544400000000000 
0.00002057613168724280000000000000 
0.00002106638016389643800000000000 
0.00002157218051600655800000000000 
0.00002209407657806941900000000000 
0.00002263262719536483700000000000 
0.00002318840579710145000000000000 
0.00002376199980990400100000000000 
0.00002435400988772801400000000000 
0.00002496504893149590500000000000 
0.00002559574086871944600000000000 
0.00002624671916010498800000000000 
0.00002691862499663517000000000000 
0.00002761210514689640100000000000 
0.00002832780941049828700000000000 
0.00002906638762934542300000000000 
0.00002982848620432512900000000000 
0.00003061474406073965200000000000 
0.00003142578800163414400000000000 
0.00003226222738417860100000000000 
0.00003312464805061446300000000000 
0.00003401360544217687000000000000 
0.00003492961682210346200000000000 
0.00003587315253264456900000000000 
0.00003684462621126708700000000000 
0.00003784438389343021400000000000 
0.00003887269193391642400000000000 
0.00003992972368631209200000000000 
0.00004101554489151388100000000000 
0.00004213009774182676300000000000 
0.00004327318360811804600000000000 
0.00004444444444444444700000000000 
0.00004564334291843534300000000000 
0.00004686914135733033600000000000 
0.00004812087964967999400000000000 
0.00004939735230191661800000000000 
0.00005069708491761723500000000000 
0.00005201831044527674000000000000 
0.00005335894562723440700000000000 
0.00005471656817684394800000000000 
0.00005608839531101015200000000000 
0.00005747126436781609000000000000 
0.00005886161633998469600000000000 
0.00006025548324897565800000000000 
0.00006164848036495900900000000000 
0.00006303580433686334400000000000 
0.00006441223832528179700000000000 
0.00006577216521967903600000000000 
0.00006710958996040534100000000000 
0.00006841817186644773100000000000 
0.00006969126768415917500000000000 
0.00007092198581560283600000000000 
0.00007210325185665873500000000000 
0.00007322788517867604000000000000 
0.00007428868583314761500000000000 
0.00007527853056308341000000000000 
0.00007619047619047618400000000000 
0.00007701786814540973900000000000 
0.00007775445144234506900000000000 
0.00007839448102853558900000000000 
0.00007893282816323308200000000000 
0.00007936507936507936500000000000 
0.00007968762451191330400000000000 
0.00007989773090444231400000000000 
0.00007999360051195903900000000000 
0.00007997440818937939600000000000 
0.00007984031936127744900000000000 
0.00007959248646927730200000000000 
0.00007923302432453846900000000000 
0.00007876496534341525100000000000 
0.00007819219641879740500000000000 
0.00007751937984496124500000000000 
0.00007675186123263488800000000000 
0.00007589556769884639200000000000 
0.00007495689978262498700000000000 
0.00007394262052647145200000000000 
0.00007285974499089253200000000000 
0.00007171543316121628700000000000 
0.00007051688879486637300000000000 
0.00006927126627874758100000000000 
0.00006798558705554422600000000000 
0.00006666666666666667000000000000 
0.00006532105297537395900000000000 
0.00006395497569710923900000000000 
0.00006257430698955008700000000000 
0.00006118453255017132200000000000 
0.00005979073243647234800000000000 
0.00005839757066106049700000000000 
0.00005700929251467989300000000000 
0.00005562972852692478700000000000 
0.00005426230397742687800000000000 
0.00005291005291005291200000000000 
0.00005157563566970963300000000000 
0.00005026135906714917500000000000 
0.00004896919837422261200000000000 
0.00004770082045411180900000000000 
0.00004645760743321718900000000000 
0.00004524068041983351400000000000 
0.00004405092286683405900000000000 
0.00004288900325956424500000000000 
0.00004175539688504739200000000000 
0.00004065040650406504100000000000 
0.00003957418180379121000000000000 
0.00003852673755586377200000000000 
0.00003750797044371929200000000000 
0.00003651767455448436900000000000 
0.00003555555555555555300000000000 
0.00003462124359506993700000000000 
0.00003371430497960284700000000000 
0.00003283425269240872300000000000 
0.00003198055582206018700000000000 
0.00003115264797507788000000000000 
0.00003034993474764029400000000000 
0.00002957180033120416400000000000 
0.00002881761332526440100000000000 
0.00002808673182788450900000000000 
0.00002737850787132101200000000000 
0.00002669229126628229700000000000 
0.00002602743291429166500000000000 
0.00002538328764341557400000000000 
0.00002475921661838619400000000000 
0.00002415458937198067600000000000 
0.00002356878550048315800000000000 
0.00002300119606219523600000000000 
0.00002245122471430816500000000000 
0.00002191828862002455000000000000 
0.00002140181915462814200000000000 
0.00002090126243625114800000000000 
0.00002041607970437516500000000000 
0.00001994574756661879700000000000 
0.00001948975813210158100000000000 
0.00001904761904761904600000000000 
