1.57377541524002740000000000000000 
4.42857919067448690000000000000000 
1.47772365029686380000000000000000 
1.47683040079178700000000000000000 
4.53541033410684770000000000000000 
2.46442293721526170000000000000000 
1.03569825316372270000000000000000 
0.12909624132073805000000000000000 
0.85104468429393398000000000000000 
1.51170273873363010000000000000000 
4.80719805258918420000000000000000 
3.91828717004413420000000000000000 
3.36628230371882390000000000000000 
4.20361133221699120000000000000000 
2.10427140217329670000000000000000 
3.51868674795135480000000000000000 
2.40643309665990570000000000000000 
4.10287991469786650000000000000000 
2.18695102128587670000000000000000 
4.29986921846331690000000000000000 
0.04448616989772669100000000000000 
4.98015559721255840000000000000000 
1.37600530131459520000000000000000 
0.16758204889625539000000000000000 
0.76049978136905783000000000000000 
2.39798077213867610000000000000000 
4.44421170556099550000000000000000 
1.41709554223885490000000000000000 
3.92063513737449960000000000000000 
0.85196250431058829000000000000000 
3.65646774928562570000000000000000 
1.23310917034339720000000000000000 
0.40920463123982065000000000000000 
4.26454372615684550000000000000000 
3.43276080094979540000000000000000 
4.79055309431595870000000000000000 
4.92527802262373360000000000000000 
2.67361309271487180000000000000000 
4.52990224855528110000000000000000 
2.38324310204847920000000000000000 
4.44835625884807230000000000000000 
0.11924879821683665000000000000000 
0.64362416270024148000000000000000 
3.70320102308514040000000000000000 
1.95510102618223590000000000000000 
1.96814230473113930000000000000000 
3.00924173312056010000000000000000 
0.11942736592237102000000000000000 
1.93835491454209570000000000000000 
0.28373063778412311000000000000000 
3.44785281750654220000000000000000 
2.60195453073990460000000000000000 
0.38043229459652161000000000000000 
2.03129872823119720000000000000000 
2.15106437153758900000000000000000 
3.29656137376385060000000000000000 
1.09195587247366440000000000000000 
0.40544329366045184000000000000000 
2.33835836078953910000000000000000 
3.64335858257206360000000000000000 
3.06991918106938530000000000000000 
4.50298872309313580000000000000000 
1.26389681130977150000000000000000 
1.10047658864222030000000000000000 
1.17902496244790500000000000000000 
4.05064754916345840000000000000000 
3.51204525977304670000000000000000 
4.39252428810364570000000000000000 
3.55505615016089350000000000000000 
3.30540119779876340000000000000000 
2.19788716902141300000000000000000 
2.81396800103637990000000000000000 
4.95155661699859100000000000000000 
4.78657705783825540000000000000000 
1.68409132972186850000000000000000 
0.77727898710814425000000000000000 
2.08539559941843810000000000000000 
2.77238508025442080000000000000000 
0.14876059395410146000000000000000 
4.33353135848966350000000000000000 
4.47207121713676600000000000000000 
2.48595192161629890000000000000000 
1.04643501610465690000000000000000 
3.60798566002340770000000000000000 
3.49858051748984830000000000000000 
2.30373615595733750000000000000000 
0.85296523318141138000000000000000 
3.97185724315653750000000000000000 
4.44249819498271230000000000000000 
0.71257258778466781000000000000000 
4.69835798136356250000000000000000 
0.00130427585265324720000000000000 
2.19402508015025250000000000000000 
0.05583884874084843500000000000000 
1.17257753461676660000000000000000 
3.53492101323302330000000000000000 
3.47082182604831550000000000000000 
1.32560419515691640000000000000000 
1.63286809019464750000000000000000 
0.46616968509894496000000000000000 
0.20799676258673350000000000000000 
3.79640075618857820000000000000000 
1.62437246753059370000000000000000 
2.60910906192101420000000000000000 
4.75943941085049720000000000000000 
3.34489208474915940000000000000000 
2.36560810461610820000000000000000 
3.24686079764718640000000000000000 
3.32817957129267230000000000000000 
1.15073721213523060000000000000000 
4.02444836889722970000000000000000 
2.51392522761325750000000000000000 
2.17014856909708340000000000000000 
3.54516791755888590000000000000000 
2.77631992942869710000000000000000 
1.27501894755196020000000000000000 
0.37600284184885147000000000000000 
2.94551189961144290000000000000000 
3.37121035287686290000000000000000 
2.94006706329063140000000000000000 
2.66851128628310350000000000000000 
2.36308185597869260000000000000000 
1.61905597926185150000000000000000 
2.15493043843064220000000000000000 
3.82448900255387960000000000000000 
4.98231337538426990000000000000000 
1.32509142572049490000000000000000 
3.96033500664278160000000000000000 
0.67304630246162622000000000000000 
0.17768074210108120000000000000000 
2.26973244456620550000000000000000 
2.81488532425242970000000000000000 
1.15441397664937550000000000000000 
0.72381212372859216000000000000000 
3.38547914603349560000000000000000 
1.77035255341405960000000000000000 
2.55236153489572670000000000000000 
3.47353326070368150000000000000000 
2.97646474172365890000000000000000 
2.53055377557938900000000000000000 
3.88199627638906450000000000000000 
3.42601371802659390000000000000000 
1.59746820237031350000000000000000 
4.16071441167736910000000000000000 
3.30410781082318030000000000000000 
2.93534110294964860000000000000000 
0.09539214983483257400000000000000 
4.18475015436348660000000000000000 
0.56998932324493878000000000000000 
4.20210223481365210000000000000000 
1.68748362927626030000000000000000 
2.14717814739983260000000000000000 
3.96889335174256130000000000000000 
0.70783740616074897000000000000000 
3.04050921631351610000000000000000 
4.65314411134358960000000000000000 
3.18221880960004770000000000000000 
0.23885328747343282000000000000000 
3.49173062571287170000000000000000 
1.28554764174862380000000000000000 
3.45450751890594930000000000000000 
1.81589885590082930000000000000000 
2.70942113671824010000000000000000 
1.11070958745569110000000000000000 
4.52743664508293180000000000000000 
1.86770583370596380000000000000000 
0.39408248681504610000000000000000 
0.15464968466824824000000000000000 
3.13450402283858630000000000000000 
4.68498318396911890000000000000000 
1.59967647873575690000000000000000 
3.72587364033944950000000000000000 
1.44464202305815400000000000000000 
0.62177021955122092000000000000000 
2.57040496776264060000000000000000 
1.93755934579885110000000000000000 
4.89304881877423180000000000000000 
1.45908868928980810000000000000000 
2.96171281782519010000000000000000 
2.85678221826626320000000000000000 
3.07927996066594470000000000000000 
2.80457131048228450000000000000000 
1.39929697590577720000000000000000 
0.75924816672968964000000000000000 
3.66506252762407760000000000000000 
0.19849260200279051000000000000000 
4.00811153157540100000000000000000 
2.03208444863628210000000000000000 
4.15005718793150000000000000000000 
4.85517742704686480000000000000000 
2.11241527689082660000000000000000 
0.26952423424506156000000000000000 
3.93518387193740440000000000000000 
3.15038510835448800000000000000000 
2.54409692371429230000000000000000 
2.83843078556950880000000000000000 
1.54595433587607300000000000000000 
3.73567986442594660000000000000000 
1.68330425108957020000000000000000 
4.41677188304059600000000000000000 
