0.00083810577712065950000000000000 
0.00199949819482273450000000000000 
0.00202152557981125080000000000000 
0.00012619384936006874000000000000 
0.00101104717677410790000000000000 
0.00242445179159194500000000000000 
0.00104086531003963700000000000000 
0.00083023767235518818000000000000 
0.00159849508225566270000000000000 
0.00215526228532010810000000000000 
0.00198007984365353120000000000000 
0.00135242412848942990000000000000 
0.00186299193079058640000000000000 
0.00185809415611543290000000000000 
0.00111727353768914060000000000000 
0.00213613298416446460000000000000 
0.00124221540418082430000000000000 
0.00238166404662992770000000000000 
0.00200395332840881290000000000000 
0.00033419288397806721000000000000 
0.00059725061986364849000000000000 
0.00032082684397878375000000000000 
0.00134164978290834160000000000000 
0.00014241564621744914000000000000 
0.00117700718058501380000000000000 
0.00246840015870059600000000000000 
0.00171366207910308600000000000000 
0.00218760369689898970000000000000 
0.00124642458652523860000000000000 
0.00072257480373635419000000000000 
0.00045972374004897099000000000000 
0.00241447299498418490000000000000 
0.00189964293950899990000000000000 
0.00238718003795984320000000000000 
0.00168614558762833290000000000000 
0.00046734805069332337000000000000 
0.00072805008194181200000000000000 
0.00014621144456169883000000000000 
0.00011068934615982372000000000000 
0.00070222003521396004000000000000 
0.00042820032752436988000000000000 
0.00170079970885299130000000000000 
0.00226677134971364290000000000000 
0.00088415217733323244000000000000 
0.00025158681754687291000000000000 
0.00199193155609817550000000000000 
0.00117664906257201300000000000000 
0.00172652305141334690000000000000 
0.00171581568801616110000000000000 
0.00105859908346720440000000000000 
0.00165619354508049900000000000000 
0.00159109701121091920000000000000 
0.00131910713398160480000000000000 
0.00048047727840774688000000000000 
0.00128584976007619980000000000000 
0.00187972063342405200000000000000 
0.00105455753555591060000000000000 
0.00185246454730380670000000000000 
0.00172432898646376570000000000000 
0.00240067520314668410000000000000 
0.00077342606238937038000000000000 
0.00085982089213211402000000000000 
0.00097218437805972552000000000000 
0.00006575090150233470900000000000 
0.00159139661874539600000000000000 
0.00141984646561207620000000000000 
0.00091812315845266643000000000000 
0.00105865638710605280000000000000 
0.00116099459195045850000000000000 
0.00078983449511862524000000000000 
0.00056683654060957060000000000000 
0.00029122028600881734000000000000 
0.00033650764313520942000000000000 
0.00237755939523670100000000000000 
0.00123693569895702180000000000000 
0.00187942765739728890000000000000 
0.00078103380834981838000000000000 
0.00001935480025753056900000000000 
0.00154637172255543490000000000000 
0.00089818361920765010000000000000 
0.00162978493995679470000000000000 
0.00212499872190393410000000000000 
0.00025458775806231639000000000000 
0.00147774739526507450000000000000 
0.00146287791751373730000000000000 
0.00131071178654390140000000000000 
0.00114190314443340110000000000000 
0.00242824564983334330000000000000 
0.00045793437330692889000000000000 
0.00140512949823530780000000000000 
0.00157363276958826650000000000000 
0.00007568313133457803300000000000 
0.00161331697788548470000000000000 
0.00210536557420320720000000000000 
0.00099253679871452033000000000000 
0.00109855394578849930000000000000 
0.00021321589850609624000000000000 
0.00146035418857394470000000000000 
0.00218956612921441170000000000000 
0.00051972707952821474000000000000 
0.00023764965625910567000000000000 
0.00047211457952893866000000000000 
0.00167752963558418390000000000000 
0.00183975813468571410000000000000 
0.00158502658471195620000000000000 
0.00117608068784698370000000000000 
0.00078964247386377408000000000000 
0.00161129140532821080000000000000 
0.00141174773265928270000000000000 
0.00166720601472066440000000000000 
0.00031367695347224363000000000000 
0.00169307971587159610000000000000 
0.00170886466896595000000000000000 
0.00233635616954294080000000000000 
0.00208190093634614630000000000000 
0.00044736786431061738000000000000 
0.00238438465178442750000000000000 
0.00050142992567659360000000000000 
0.00054678910073906650000000000000 
0.00002140613857152283900000000000 
0.00075513982334743650000000000000 
0.00068943953546110441000000000000 
0.00147309190618264620000000000000 
0.00099609571696942026000000000000 
0.00046822259842639434000000000000 
0.00098671018188938703000000000000 
0.00038832216863320671000000000000 
0.00209065426581660610000000000000 
0.00037616020327715537000000000000 
0.00170694225566829180000000000000 
0.00188414085193611550000000000000 
0.00003740200959568328300000000000 
0.00035730704853997517000000000000 
0.00007700339635266577000000000000 
0.00203135128566907500000000000000 
0.00011842528544360486000000000000 
0.00167337221576814600000000000000 
0.00114550168726953530000000000000 
0.00201703570968009460000000000000 
0.00090035782405676050000000000000 
0.00006363624415305836500000000000 
0.00054906862388137451000000000000 
0.00178573749135538450000000000000 
0.00137882667504097720000000000000 
0.00218457012840245390000000000000 
0.00185587125890456340000000000000 
0.00025930236897310889000000000000 
0.00244012991007959900000000000000 
0.00185556217568756390000000000000 
0.00003480865920036203100000000000 
0.00170587649833772510000000000000 
0.00121952772257153600000000000000 
0.00008720855346065478400000000000 
0.00028745933001329669000000000000 
0.00019247357575234161000000000000 
0.00152678656222585290000000000000 
0.00058643970584751934000000000000 
0.00035671661816988017000000000000 
0.00133173486306790560000000000000 
0.00233681130871246040000000000000 
0.00154958969827573900000000000000 
0.00173293014706204850000000000000 
0.00058885115368772264000000000000 
0.00051956828518289985000000000000 
0.00009385981635286857500000000000 
0.00166629745717987720000000000000 
0.00127416587327731380000000000000 
0.00122027555708620990000000000000 
0.00216448000050012070000000000000 
0.00242526378789889280000000000000 
0.00190824981691970000000000000000 
0.00061963075859415605000000000000 
0.00169870705936489020000000000000 
0.00190728904401500450000000000000 
0.00147244224019719530000000000000 
0.00206587403565938270000000000000 
0.00232810462599329460000000000000 
0.00160149558988381870000000000000 
0.00004756977236030922500000000000 
0.00046304273016793061000000000000 
0.00000000033584812307391760000000 
0.00000001174305237616099700000000 
0.00000000608463491965750950000000 
0.00000000998205530850835400000000 
0.00000000573759246104584870000000 
0.00000000620698768412270650000000 
0.00000000534672550492773740000000 
0.00000001120015188236628800000000 
0.00000001098052465027407000000000 
0.00000000795200911154756070000000 
0.00000000367086220010466500000000 
0.00000000366331432792035240000000 
0.00000000308334114317268670000000 
0.00000000884620991928980990000000 
0.00000000972868526647604190000000 
0.00000001033206159053669700000000 
0.00000001012528416171029500000000 
0.00000000318721907383055830000000 
0.00000001005382369345140200000000 
0.00000000790878397878543830000000 
