0.01875626818689906500000000000000 
0.02760730562177879400000000000000 
0.00755875574158752180000000000000 
0.03718091594326075600000000000000 
0.02723094728987558000000000000000 
0.03863124277568892600000000000000 
0.03734838488969542700000000000000 
0.01396590660599298700000000000000 
0.04165137583367686100000000000000 
0.12523178713531635000000000000000 
0.02616165222327954800000000000000 
0.07319704650452571500000000000000 
0.01097826282961239200000000000000 
0.04946959760704330900000000000000 
0.00049574686177992632000000000000 
0.02789504211073012800000000000000 
0.00015143025489060063000000000000 
0.01933502689106256900000000000000 
0.02459023247884981100000000000000 
0.02700366697288902500000000000000 
0.02277563153835379300000000000000 
0.01866662414618264200000000000000 
0.08020471257813505100000000000000 
0.13394763436900090000000000000000 
0.06838780773909329500000000000000 
0.01619429688080140800000000000000 
0.03795315639317034500000000000000 
0.03135556061910444600000000000000 
0.07470138989488914200000000000000 
0.03028586744038226600000000000000 
0.00952680489251663680000000000000 
0.08063088172893538600000000000000 
0.02056801741212576500000000000000 
0.00213349351195259420000000000000 
0.08237485183526981100000000000000 
0.03970171108219654900000000000000 
0.09752007191310285700000000000000 
0.09121814233238216600000000000000 
0.00069126622384955939000000000000 
0.05057937065196190700000000000000 
0.05206017826730963800000000000000 
0.05538924258673670600000000000000 
0.04056444095249103100000000000000 
0.01732734938408622300000000000000 
0.11374713232186724000000000000000 
0.02042053511485430700000000000000 
0.03935686318153501500000000000000 
0.13745010145831874000000000000000 
0.11962184175384995000000000000000 
0.05166463357717517000000000000000 
0.85965031872811848000000000000000 
7.58299227379709070000000000000000 
2.30152631736127280000000000000000 
2.84128736999510690000000000000000 
6.20206142054684580000000000000000 
3.04104101164093880000000000000000 
6.00646721458907160000000000000000 
3.10483833412450230000000000000000 
2.23267917772214640000000000000000 
3.68194603467980560000000000000000 
8.96719765425675240000000000000000 
4.41083242664493370000000000000000 
5.46070729475364570000000000000000 
3.69878309044873090000000000000000 
6.41238496895045530000000000000000 
6.85973083353773120000000000000000 
0.94486775189556282000000000000000 
0.37948425055601115000000000000000 
0.50798121901860960000000000000000 
1.04789386452030240000000000000000 
1.90670070952111700000000000000000 
2.63581305834931710000000000000000 
0.07822848055144784900000000000000 
7.36747198916679570000000000000000 
1.49722468129028450000000000000000 
0.66299366785386515000000000000000 
6.11706669496211930000000000000000 
5.43673203850089590000000000000000 
4.34054818056030100000000000000000 
6.53638612720014930000000000000000 
11.19094088251480900000000000000000 
4.73660740019590860000000000000000 
2.26260557252333610000000000000000 
2.58958978280026920000000000000000 
4.04980936053103500000000000000000 
5.89875485779857820000000000000000 
0.53937279478550892000000000000000 
6.92432562603820930000000000000000 
0.80516167658601556000000000000000 
3.06727786756086380000000000000000 
11.35933954290548300000000000000000 
2.17347466921551470000000000000000 
10.89579134221277300000000000000000 
4.66086182085085990000000000000000 
3.96654705984137390000000000000000 
8.86393044388333350000000000000000 
1.25347169413893500000000000000000 
1.43563749065575070000000000000000 
13.25428629999747400000000000000000 
3.57025530668756950000000000000000 
2.51100710544911370000000000000000 
5.83566431779433880000000000000000 
3.29330444971018420000000000000000 
1.88541234873886300000000000000000 
0.79364054420132668000000000000000 
2.59371167038722070000000000000000 
3.52889643385375210000000000000000 
4.10091364823272460000000000000000 
5.53202260024667860000000000000000 
2.39350503630380020000000000000000 
3.45561695906288560000000000000000 
1.69621396171291860000000000000000 
5.29803932855358450000000000000000 
7.23313086054142660000000000000000 
1.31180133135121980000000000000000 
2.04409021795305130000000000000000 
2.39725411881954420000000000000000 
1.80630254856500900000000000000000 
3.43135227396504440000000000000000 
6.39153532533209920000000000000000 
0.06574643040038646900000000000000 
0.08247204965835794300000000000000 
0.07084854395611567300000000000000 
0.14019415976119437000000000000000 
0.13567320517502071000000000000000 
0.07904991741454239800000000000000 
0.12685480185605288000000000000000 
0.17477481926824223000000000000000 
0.14263696577857893000000000000000 
0.12886353264006647000000000000000 
0.01998164716384289600000000000000 
0.07073515099509337900000000000000 
0.10711623823010730000000000000000 
0.08341722298164486200000000000000 
0.00924842092312081960000000000000 
0.04187451069291089200000000000000 
0.15162146742682436000000000000000 
0.00288922334226749760000000000000 
0.15950927951007082000000000000000 
0.01436065137518349700000000000000 
0.12230191884977479000000000000000 
0.09045130947755077000000000000000 
0.03967298190072367200000000000000 
0.10504837525077708000000000000000 
0.02246707096099164600000000000000 
0.12176220511906134000000000000000 
0.10862774493418544000000000000000 
0.01020814424162171800000000000000 
0.01037018614281228500000000000000 
0.02818108299833342300000000000000 
0.00356250862990629400000000000000 
0.07948946889999057600000000000000 
0.15075840623943146000000000000000 
0.11416898957143605000000000000000 
0.09503338773244582300000000000000 
0.15893373023993992000000000000000 
0.01775682575595521500000000000000 
0.16743386186787437000000000000000 
0.01980626740921492800000000000000 
0.09490867558236722200000000000000 
0.02603527385419200000000000000000 
0.10207527150862067000000000000000 
0.00084427790082048813000000000000 
0.14101450662032192000000000000000 
0.15672214795373465000000000000000 
0.16741303943291469000000000000000 
0.18062029955774356000000000000000 
0.09321635521175304600000000000000 
0.05011203041167088000000000000000 
0.01847957187530454100000000000000 
0.09236773979341489400000000000000 
0.10727375665359928000000000000000 
0.14118435329233425000000000000000 
0.01534745211542987500000000000000 
0.12065876994772004000000000000000 
0.09492621072292070600000000000000 
0.03145050934269705300000000000000 
0.17130696366047396000000000000000 
0.10862604197683981000000000000000 
0.08082260549826500400000000000000 
0.17224413608052569000000000000000 
0.11962950391186340000000000000000 
0.08321784460934268700000000000000 
0.15378190543808745000000000000000 
0.09702916497345333300000000000000 
0.10244129633361118000000000000000 
0.12472684870469621000000000000000 
0.06754154888399303800000000000000 
0.04409328089669005400000000000000 
0.10675968974676846000000000000000 
0.15864318886434695000000000000000 
0.07418393630114301900000000000000 
0.02079526092052200900000000000000 
0.08123489559242683100000000000000 
0.05542787155793049000000000000000 
0.07326100987919363600000000000000 
0.15254922624363421000000000000000 
0.07429435780505518100000000000000 
0.07151762507865643000000000000000 
0.06628879055933112300000000000000 
