0.01356124238312525000000000000000 
0.01680959161271989800000000000000 
0.00413186496461878140000000000000 
0.02013583981016637100000000000000 
0.01625140964148434600000000000000 
0.02656979171625559500000000000000 
0.01993686615032665800000000000000 
0.00875268536149949140000000000000 
0.02147882844113249400000000000000 
0.12536976154045154000000000000000 
0.01514752484591589200000000000000 
0.03875393406970926300000000000000 
0.00835179361370936600000000000000 
0.03158741503901320300000000000000 
0.00036723567870759305000000000000 
0.01768918665180944600000000000000 
0.00008903990209045964900000000000 
0.01029855538326241600000000000000 
0.02307063374199433400000000000000 
0.01402405036071972800000000000000 
0.01437809857982416500000000000000 
0.01211728671343048600000000000000 
0.05143136642476902500000000000000 
0.09688746837251271900000000000000 
0.02884458505491889800000000000000 
0.00677733048409310400000000000000 
0.01620806070924513100000000000000 
0.01362793734503196600000000000000 
0.04960645732672774200000000000000 
0.01583038244131013100000000000000 
0.00605831989261219110000000000000 
0.08730897493152646500000000000000 
0.01078790623249563200000000000000 
0.00086238446130634729000000000000 
0.03388328904799550700000000000000 
0.01678425121548815200000000000000 
0.04344407012694711400000000000000 
0.04620425808270265500000000000000 
0.00028656116729161129000000000000 
0.01827832655781616600000000000000 
0.01852374002680654700000000000000 
0.02102525951564459100000000000000 
0.01407090600862461100000000000000 
0.00616636537629863380000000000000 
0.07073240782089590400000000000000 
0.00759320979143284030000000000000 
0.01634590807336259000000000000000 
0.09100847572233622400000000000000 
0.06627527172954676700000000000000 
0.02527623106939324400000000000000 
0.27118380073703824000000000000000 
2.70341783526959790000000000000000 
0.69775342465927148000000000000000 
1.18675104712138560000000000000000 
6.15036856799366130000000000000000 
0.95286637250395656000000000000000 
2.32414124538542400000000000000000 
0.80952117055169737000000000000000 
0.57994493791463797000000000000000 
1.20452784779759270000000000000000 
7.60384114576353110000000000000000 
1.18848861098097310000000000000000 
1.37396615187389300000000000000000 
0.88962174329453725000000000000000 
4.20171233964783750000000000000000 
1.98865990424069960000000000000000 
0.25053161862106471000000000000000 
0.09530871111295204100000000000000 
0.12503872678381267000000000000000 
0.26285944501066255000000000000000 
0.46179434003321324000000000000000 
0.77289223922811223000000000000000 
0.01988418407866280100000000000000 
3.40873559438372680000000000000000 
0.91483728617640814000000000000000 
0.14814305887132623000000000000000 
1.94031489609460020000000000000000 
1.36345946986145750000000000000000 
0.97905025710598970000000000000000 
2.44863591955086470000000000000000 
4.13501827784324230000000000000000 
1.42153513783149800000000000000000 
0.52671347591364481000000000000000 
0.75406313204583186000000000000000 
1.33899835631903290000000000000000 
2.45746254336238760000000000000000 
0.16097900273081495000000000000000 
2.12879144258354370000000000000000 
0.36475124366363065000000000000000 
0.92920498065556867000000000000000 
6.03347200511440280000000000000000 
0.62593819878233925000000000000000 
10.25729041749766200000000000000000 
1.41808757951999940000000000000000 
1.15709776945609270000000000000000 
3.58524315035035500000000000000000 
0.43077649479583191000000000000000 
0.47834161590087898000000000000000 
8.84307292733568850000000000000000 
1.28580122647371860000000000000000 
0.88097652051353137000000000000000 
2.71468020940811260000000000000000 
1.16784117589077920000000000000000 
0.67390998933951252000000000000000 
0.29735177930789969000000000000000 
1.08732472595889180000000000000000 
1.72897189360355250000000000000000 
1.70484988158885090000000000000000 
2.95798035024952230000000000000000 
1.02236259600876540000000000000000 
1.60811212074464400000000000000000 
0.81589762456236592000000000000000 
3.33991221224474090000000000000000 
5.39346943723905080000000000000000 
0.79357701101657185000000000000000 
1.05424179188528380000000000000000 
1.26509443455948680000000000000000 
1.00784564200947440000000000000000 
1.96057696571598130000000000000000 
4.40847077715835670000000000000000 
0.07061902642090189800000000000000 
0.08818431205240996600000000000000 
0.07650377751142695100000000000000 
0.14969213467895784000000000000000 
0.14755575000449178000000000000000 
0.08561932673067777800000000000000 
0.13700678599845217000000000000000 
0.19023370008868939000000000000000 
0.15374774432971264000000000000000 
0.13932442645125717000000000000000 
0.02162329318640722500000000000000 
0.07632092907535283100000000000000 
0.11562883959455160000000000000000 
0.09017602258806557700000000000000 
0.01004694615207426200000000000000 
0.04545166416557978900000000000000 
0.16426921376699471000000000000000 
0.00314550400495365370000000000000 
0.17367226267976366000000000000000 
0.01562353338331259700000000000000 
0.13292378535994684000000000000000 
0.09816587994522671400000000000000 
0.04311933721621250700000000000000 
0.11434924810989003000000000000000 
0.02446161719031509500000000000000 
0.13245970088276715000000000000000 
0.11821091140399634000000000000000 
0.01111590595093170000000000000000 
0.01129731966740724200000000000000 
0.03070386547622127500000000000000 
0.00388269763939526080000000000000 
0.08664410073137246400000000000000 
0.16442647453805273000000000000000 
0.12440052816109218000000000000000 
0.10364692880614955000000000000000 
0.17326306073431158000000000000000 
0.01938332762514669700000000000000 
0.18251287683938761000000000000000 
0.02160622765554487100000000000000 
0.10352867044726098000000000000000 
0.02844151576320206500000000000000 
0.11147074577497856000000000000000 
0.00092055129894974737000000000000 
0.15382329793046534000000000000000 
0.17084226945460290000000000000000 
0.18289643502412972000000000000000 
0.19726008220635879000000000000000 
0.10163581347412977000000000000000 
0.05463386668113991200000000000000 
0.02017711194650419900000000000000 
0.10105388550587451000000000000000 
0.11717821467781508000000000000000 
0.15384741842986135000000000000000 
0.01672571335762534900000000000000 
0.13197146817716388000000000000000 
0.10365278882507963000000000000000 
0.03433077712156133700000000000000 
0.18737151419098233000000000000000 
0.11856587541518090000000000000000 
0.08829268972830618700000000000000 
0.18833285013726478000000000000000 
0.13090800649628739000000000000000 
0.09081802405156450000000000000000 
0.16809640183067795000000000000000 
0.10623120525768359000000000000000 
0.11165471525220026000000000000000 
0.13629209184992017000000000000000 
0.07374032124721755000000000000000 
0.04811466672551699400000000000000 
0.11646947774635226000000000000000 
0.17349061581226471000000000000000 
0.08121782358349535800000000000000 
0.02267756280547468500000000000000 
0.08884147381207151100000000000000 
0.06044693895141544500000000000000 
0.08019641498913751600000000000000 
0.16683662127732518000000000000000 
0.08110705356715364200000000000000 
0.07818458706791098200000000000000 
0.07238964310486389900000000000000 
