1.08670762246894870000000000000000 
2.12230423669834560000000000000000 
3.23926699814207010000000000000000 
3.30260239911920590000000000000000 
2.19419412136068370000000000000000 
1.25954647728456730000000000000000 
3.29960880711217050000000000000000 
1.74791315096660480000000000000000 
3.65044955727556260000000000000000 
0.13685205191575872000000000000000 
2.24436533113234930000000000000000 
3.08727865187487010000000000000000 
0.78985964581575652000000000000000 
1.51591078487179720000000000000000 
0.86476590287917365000000000000000 
1.51704285489134990000000000000000 
1.94706856531206450000000000000000 
2.70629319937568180000000000000000 
0.24608697642293587000000000000000 
2.85679083455047640000000000000000 
1.45420177175715490000000000000000 
1.30862228891156950000000000000000 
1.34940252543752190000000000000000 
0.87640555101235873000000000000000 
5.57080412774451790000000000000000 
5.58472368037196350000000000000000 
5.00844520616738190000000000000000 
4.56688399773385000000000000000000 
1.13035679120415720000000000000000 
2.37588180457425000000000000000000 
1.27653226381197980000000000000000 
0.00831189739913024140000000000000 
2.25152228891429120000000000000000 
5.10800609052547920000000000000000 
4.68477256770412880000000000000000 
4.17618941254070730000000000000000 
3.46567233624775420000000000000000 
2.32928330505637330000000000000000 
4.17407235575947140000000000000000 
6.50652221344034310000000000000000 
6.68930955683420430000000000000000 
5.19079854627715780000000000000000 
6.91958342439916320000000000000000 
6.13650229581335530000000000000000 
1.20316204538959410000000000000000 
5.05905662374016880000000000000000 
3.57770796773584540000000000000000 
0.97516228158477902000000000000000 
1.60708413456572410000000000000000 
2.21235459220001740000000000000000 
7.70763835764771610000000000000000 
5.08017944026953570000000000000000 
8.39355064108481660000000000000000 
3.18619670173581100000000000000000 
0.12427183896772971000000000000000 
6.95502821431593520000000000000000 
3.74473553487923640000000000000000 
13.00515804175930300000000000000000 
12.77066880969036900000000000000000 
5.66884516237047900000000000000000 
0.36749381745206827000000000000000 
10.16252698798879100000000000000000 
12.96392059590578100000000000000000 
15.38260690677336500000000000000000 
0.92115260825435619000000000000000 
7.43989920409643090000000000000000 
9.81879905837642040000000000000000 
11.80046667757701000000000000000000 
12.59414154038243800000000000000000 
11.58034428857924600000000000000000 
13.16552597378592500000000000000000 
6.87655886991049490000000000000000 
10.85259745658920100000000000000000 
2.19569795767575560000000000000000 
1.10339967735611170000000000000000 
18.95455154166839400000000000000000 
5.56290222279119990000000000000000 
11.71611687266189300000000000000000 
19.07679563283962000000000000000000 
3.70360237401127270000000000000000 
3.86400585300660730000000000000000 
6.85659308775463750000000000000000 
18.74516891840071500000000000000000 
7.84798851936189750000000000000000 
5.47935602145167970000000000000000 
3.03783674128295630000000000000000 
7.90343327723435250000000000000000 
7.41383333582721260000000000000000 
2.57522287585173570000000000000000 
8.47110756927295940000000000000000 
1.76430027650490780000000000000000 
11.71731266145056900000000000000000 
0.20671788438334021000000000000000 
10.64747839722897300000000000000000 
14.45327296854570200000000000000000 
4.23992114103458120000000000000000 
7.93579182920216560000000000000000 
9.90692085939571140000000000000000 
1.04856516259091050000000000000000 
8.31080878631890660000000000000000 
10.53904841927430700000000000000000 
3.55458164021702760000000000000000 
13.15681576834471000000000000000000 
14.92431900290916500000000000000000 
12.71146530698991700000000000000000 
7.42240812662168900000000000000000 
3.99352296741717350000000000000000 
10.43289758033843200000000000000000 
3.22937878922063830000000000000000 
12.72350594269202500000000000000000 
8.03560146800451140000000000000000 
7.57835916088379150000000000000000 
2.12312279372338080000000000000000 
1.08252597630755010000000000000000 
2.97881376677202960000000000000000 
9.75674840736509450000000000000000 
10.08104034899490000000000000000000 
7.53731586430058440000000000000000 
7.60606170593097630000000000000000 
2.34734846453287240000000000000000 
0.02863154182511785900000000000000 
0.03922418203825252200000000000000 
0.01902420534674354200000000000000 
0.04533390271053007500000000000000 
0.00401896537275565810000000000000 
0.01395525940352072000000000000000 
0.02165471788497700200000000000000 
0.00249928273321945630000000000000 
0.02914780851106793200000000000000 
0.02177577621793652300000000000000 
0.02017803205602450300000000000000 
0.03082596417990752000000000000000 
0.03108131128240162000000000000000 
0.02783326377009494300000000000000 
0.01092896009774358000000000000000 
0.01515980364262664900000000000000 
0.02458956340764744200000000000000 
0.00350238765379284150000000000000 
0.00341256736528200220000000000000 
0.00818740474571472140000000000000 
0.01552981957345445300000000000000 
0.02809813509583396200000000000000 
0.02003172287753747200000000000000 
0.00858491983109119750000000000000 
0.00783421299416887930000000000000 
0.02232255933540177800000000000000 
0.02337594980386259500000000000000 
0.01601433182075219500000000000000 
0.00625096168720113470000000000000 
0.00212112876681419750000000000000 
0.01960195531914435100000000000000 
0.01336779858361138900000000000000 
0.02119525700892627500000000000000 
0.00133432333375307110000000000000 
0.01250364033374012900000000000000 
0.00596560652305422320000000000000 
0.01694763058483417600000000000000 
0.00382711284215730450000000000000 
0.00868032459974285400000000000000 
0.00755508428780167930000000000000 
0.01554342752995556800000000000000 
0.01246571144560543900000000000000 
0.00374510022262887490000000000000 
0.00562199528182987570000000000000 
0.00231725610825908240000000000000 
0.01139559024743312300000000000000 
0.00949831614791247360000000000000 
0.00276848700055265990000000000000 
0.00236091193497975750000000000000 
0.00746478267561127750000000000000 
0.01396521408640284500000000000000 
0.00832973573932175960000000000000 
0.00048751057407876339000000000000 
0.00078221147307520509000000000000 
0.01147363064013844800000000000000 
0.00631405580645883180000000000000 
0.00525450121964531060000000000000 
0.01064609528653605100000000000000 
0.00482268836328849860000000000000 
0.00692133839823379830000000000000 
0.00908804778720244050000000000000 
0.01093256842529156800000000000000 
0.00405114265678268440000000000000 
0.00787347955178429280000000000000 
0.01160235817632405100000000000000 
0.00088866558656684389000000000000 
0.00675019218296513210000000000000 
0.00467899779443869700000000000000 
0.00343624421459600040000000000000 
0.00288390404300039980000000000000 
0.00815694170943072690000000000000 
0.01052346231318329400000000000000 
0.00194070895158170250000000000000 
0.00799415029281306740000000000000 
0.00197162674627387490000000000000 
0.00983357413336108900000000000000 
0.00782409653447516810000000000000 
0.00407230928983638020000000000000 
0.00688750671728714620000000000000 
0.00463632445198184760000000000000 
