0.47922382092840626000000000000000 
0.32027628449732420000000000000000 
0.23588983671900515000000000000000 
0.23241747836256310000000000000000 
0.31306801089910385000000000000000 
0.44256668763094448000000000000000 
0.23257929845753791000000000000000 
0.36391252017853631000000000000000 
0.21503297427138288000000000000000 
0.87962193349157136000000000000000 
0.30822669395588065000000000000000 
0.24466156706523823000000000000000 
0.55870302587007281000000000000000 
0.39747037375610156000000000000000 
0.53626034155601698000000000000000 
0.39729160671885577000000000000000 
0.33932023563018465000000000000000 
0.26981135765741582000000000000000 
0.80251219932547369000000000000000 
0.25928292274542125000000000000000 
0.40746446013850840000000000000000 
0.43315877387264734000000000000000 
0.42564013155377584000000000000000 
0.53293383163382768000000000000000 
0.15218837459750276000000000000000 
0.15186666116010977000000000000000 
0.16643240733452105000000000000000 
0.17963370539193504000000000000000 
0.46940493917676701000000000000000 
0.29621890157558856000000000000000 
0.43926458495498422000000000000000 
0.99175662072363691000000000000000 
0.30754825313958029000000000000000 
0.16371954860214763000000000000000 
0.17590853250332639000000000000000 
0.19319231200798637000000000000000 
0.22393044645999308000000000000000 
0.30036494595736046000000000000000 
0.19327135981909088000000000000000 
0.13321748361838073000000000000000 
0.13005068824563151000000000000000 
0.16153005020674610000000000000000 
0.12626926776465736000000000000000 
0.14012466591465292000000000000000 
0.45389307704017112000000000000000 
0.16504219420592151000000000000000 
0.21844993325220885000000000000000 
0.50628751334682542000000000000000 
0.38357028326842824000000000000000 
0.31129813702015341000000000000000 
0.11484170092132079000000000000000 
0.16446883020868044000000000000000 
0.10645601841185313000000000000000 
0.23888031816215152000000000000000 
0.88946459863138427000000000000000 
0.12570665660247335000000000000000 
0.21075990276989212000000000000000 
0.07140226458125578700000000000000 
0.07261811418311822600000000000000 
0.14995099985865384000000000000000 
0.73126473205064468000000000000000 
0.08958544969934044400000000000000 
0.07161312563558974700000000000000 
0.06104034636798563700000000000000 
0.52052085591922026000000000000000 
0.11848482734422174000000000000000 
0.09243170102376134500000000000000 
0.07812215172996249400000000000000 
0.07356109961261057800000000000000 
0.07948908051012762400000000000000 
0.07059391948103828400000000000000 
0.12695899523078960000000000000000 
0.08436969226893562000000000000000 
0.31292068688722513000000000000000 
0.47542082028697447000000000000000 
0.05011387992918984300000000000000 
0.15237161335838101000000000000000 
0.07864035931832921700000000000000 
0.04980874529420918600000000000000 
0.21260300520411365000000000000000 
0.20559185786790657000000000000000 
0.12728163325126379000000000000000 
0.05064529982663710400000000000000 
0.11302003814897787000000000000000 
0.15433632550661308000000000000000 
0.24765736310633163000000000000000 
0.11231622328848710000000000000000 
0.11885189070026714000000000000000 
0.27970284223518993000000000000000 
0.10558427223910878000000000000000 
0.36175520022172403000000000000000 
0.07863296488976449800000000000000 
0.82869410733149318000000000000000 
0.08585549299991901400000000000000 
0.06471121050119581200000000000000 
0.19084256672659733000000000000000 
0.11190950048008058000000000000000 
0.09168490473996197800000000000000 
0.48814654191192824000000000000000 
0.10740205528325075000000000000000 
0.08666225876387216600000000000000 
0.21955913385545320000000000000000 
0.07063735350968160200000000000000 
0.06279703388366642000000000000000 
0.07293166540633798400000000000000 
0.11873088847822312000000000000000 
0.20025941735424427000000000000000 
0.08746689043377212100000000000000 
0.23644134276851411000000000000000 
0.07286767712098489400000000000000 
0.11067331859877252000000000000000 
0.11657240985663908000000000000000 
0.32019234146339859000000000000000 
0.48018608717335820000000000000000 
0.25133119030380996000000000000000 
0.09296489627993016800000000000000 
0.09024423416080282200000000000000 
0.11713283377291611000000000000000 
0.11619716824837978000000000000000 
0.29874391943222783000000000000000 
0.97216540553061737000000000000000 
0.96225628433576149000000000000000 
0.98133095833550865000000000000000 
0.95663213199822539000000000000000 
0.99599712205509638000000000000000 
0.98623680949026260000000000000000 
0.97880426967556466000000000000000 
0.99750694810832630000000000000000 
0.97167772377299444000000000000000 
0.97868830253684558000000000000000 
0.98022106787051810000000000000000 
0.97009585977548429000000000000000 
0.96985561570915846000000000000000 
0.97292044852877946000000000000000 
0.98918919080457757000000000000000 
0.98506658401147318000000000000000 
0.97600057204773216000000000000000 
0.99650983625262579000000000000000 
0.99659903864445043000000000000000 
0.99187908447658135000000000000000 
0.98470766758973416000000000000000 
0.97266979275940924000000000000000 
0.98036166677147307000000000000000 
0.99148815368711940000000000000000 
0.99222668481267939000000000000000 
0.97816485694112698000000000000000 
0.97715800355837679000000000000000 
0.98423808472066177000000000000000 
0.99378787009880720000000000000000 
0.99788336089727558000000000000000 
0.98077489434295084000000000000000 
0.98680854216771485000000000000000 
0.97924465780324232000000000000000 
0.99866745471251728000000000000000 
0.98765076999662071000000000000000 
0.99406977089040516000000000000000 
0.98333480498392256000000000000000 
0.99618747810933161000000000000000 
0.99139437501848038000000000000000 
0.99250156700549830000000000000000 
0.98469447282253519000000000000000 
0.98768776926992730000000000000000 
0.99626887322110136000000000000000 
0.99440943484907129000000000000000 
0.99768810115346462000000000000000 
0.98873280607774316000000000000000 
0.99059105300526240000000000000000 
0.99723915635917748000000000000000 
0.99764464884168103000000000000000 
0.99259052742688780000000000000000 
0.98622712703316384000000000000000 
0.99173907557807539000000000000000 
0.99951272697667259000000000000000 
0.99921839990348771000000000000000 
0.98865652025661110000000000000000 
0.99372556134933554000000000000000 
0.99477296424609873000000000000000 
0.98946605014733890000000000000000 
0.99520045833047033000000000000000 
0.99312623723989801000000000000000 
0.99099380097987355000000000000000 
0.98918566008579478000000000000000 
0.99596520288193380000000000000000 
0.99218802785118843000000000000000 
0.98853071260407077000000000000000 
0.99911212343877831000000000000000 
0.99329506740065432000000000000000 
0.99534279326559993000000000000000 
0.99657552312425624000000000000000 
0.99712438894335198000000000000000 
0.99190905565199028000000000000000 
0.98958612767971343000000000000000 
0.99806305010441942000000000000000 
0.99206924932005713000000000000000 
0.99803225291650577000000000000000 
0.99026218340799355000000000000000 
0.99223664470677053000000000000000 
0.99594420715305176000000000000000 
0.99315960653862700000000000000000 
0.99538507185223379000000000000000 
