207609.00000000000000000000000000000000 
205236.00000000000000000000000000000000 
202881.00000000000000000000000000000000 
200544.00000000000000000000000000000000 
198225.00000000000000000000000000000000 
195924.00000000000000000000000000000000 
193641.00000000000000000000000000000000 
191376.00000000000000000000000000000000 
189129.00000000000000000000000000000000 
186900.00000000000000000000000000000000 
184689.00000000000000000000000000000000 
182496.00000000000000000000000000000000 
180321.00000000000000000000000000000000 
178164.00000000000000000000000000000000 
176025.00000000000000000000000000000000 
173904.00000000000000000000000000000000 
171801.00000000000000000000000000000000 
169716.00000000000000000000000000000000 
167649.00000000000000000000000000000000 
165600.00000000000000000000000000000000 
163569.00000000000000000000000000000000 
161556.00000000000000000000000000000000 
159561.00000000000000000000000000000000 
157584.00000000000000000000000000000000 
155625.00000000000000000000000000000000 
153684.00000000000000000000000000000000 
151761.00000000000000000000000000000000 
149856.00000000000000000000000000000000 
147969.00000000000000000000000000000000 
146100.00000000000000000000000000000000 
144249.00000000000000000000000000000000 
142416.00000000000000000000000000000000 
140601.00000000000000000000000000000000 
138804.00000000000000000000000000000000 
137025.00000000000000000000000000000000 
135264.00000000000000000000000000000000 
133521.00000000000000000000000000000000 
131796.00000000000000000000000000000000 
130089.00000000000000000000000000000000 
128400.00000000000000000000000000000000 
126729.00000000000000000000000000000000 
125076.00000000000000000000000000000000 
123441.00000000000000000000000000000000 
121824.00000000000000000000000000000000 
120225.00000000000000000000000000000000 
118644.00000000000000000000000000000000 
117081.00000000000000000000000000000000 
115536.00000000000000000000000000000000 
114009.00000000000000000000000000000000 
112500.00000000000000000000000000000000 
111009.00000000000000000000000000000000 
109536.00000000000000000000000000000000 
108081.00000000000000000000000000000000 
106644.00000000000000000000000000000000 
105225.00000000000000000000000000000000 
103824.00000000000000000000000000000000 
102441.00000000000000000000000000000000 
101076.00000000000000000000000000000000 
99729.00000000000000000000000000000000 
98400.00000000000000000000000000000000 
97089.00000000000000000000000000000000 
95796.00000000000000000000000000000000 
94521.00000000000000000000000000000000 
93264.00000000000000000000000000000000 
92025.00000000000000000000000000000000 
90804.00000000000000000000000000000000 
89601.00000000000000000000000000000000 
88416.00000000000000000000000000000000 
87249.00000000000000000000000000000000 
86100.00000000000000000000000000000000 
84969.00000000000000000000000000000000 
83856.00000000000000000000000000000000 
82761.00000000000000000000000000000000 
81684.00000000000000000000000000000000 
80625.00000000000000000000000000000000 
79584.00000000000000000000000000000000 
78561.00000000000000000000000000000000 
77556.00000000000000000000000000000000 
76569.00000000000000000000000000000000 
75600.00000000000000000000000000000000 
74649.00000000000000000000000000000000 
73716.00000000000000000000000000000000 
72801.00000000000000000000000000000000 
71904.00000000000000000000000000000000 
71025.00000000000000000000000000000000 
70164.00000000000000000000000000000000 
69321.00000000000000000000000000000000 
68496.00000000000000000000000000000000 
67689.00000000000000000000000000000000 
66900.00000000000000000000000000000000 
66129.00000000000000000000000000000000 
65376.00000000000000000000000000000000 
64641.00000000000000000000000000000000 
63924.00000000000000000000000000000000 
63225.00000000000000000000000000000000 
62544.00000000000000000000000000000000 
61881.00000000000000000000000000000000 
61236.00000000000000000000000000000000 
60609.00000000000000000000000000000000 
60000.00000000000000000000000000000000 
59409.00000000000000000000000000000000 
58836.00000000000000000000000000000000 
58281.00000000000000000000000000000000 
57744.00000000000000000000000000000000 
57225.00000000000000000000000000000000 
56724.00000000000000000000000000000000 
56241.00000000000000000000000000000000 
55776.00000000000000000000000000000000 
55329.00000000000000000000000000000000 
54900.00000000000000000000000000000000 
54489.00000000000000000000000000000000 
54096.00000000000000000000000000000000 
53721.00000000000000000000000000000000 
53364.00000000000000000000000000000000 
53025.00000000000000000000000000000000 
52704.00000000000000000000000000000000 
52401.00000000000000000000000000000000 
52116.00000000000000000000000000000000 
51849.00000000000000000000000000000000 
51600.00000000000000000000000000000000 
51369.00000000000000000000000000000000 
51156.00000000000000000000000000000000 
50961.00000000000000000000000000000000 
50784.00000000000000000000000000000000 
50625.00000000000000000000000000000000 
50484.00000000000000000000000000000000 
50361.00000000000000000000000000000000 
50256.00000000000000000000000000000000 
50169.00000000000000000000000000000000 
50100.00000000000000000000000000000000 
50049.00000000000000000000000000000000 
50016.00000000000000000000000000000000 
50001.00000000000000000000000000000000 
50004.00000000000000000000000000000000 
50025.00000000000000000000000000000000 
50064.00000000000000000000000000000000 
50121.00000000000000000000000000000000 
50196.00000000000000000000000000000000 
50289.00000000000000000000000000000000 
50400.00000000000000000000000000000000 
50529.00000000000000000000000000000000 
50676.00000000000000000000000000000000 
50841.00000000000000000000000000000000 
51024.00000000000000000000000000000000 
51225.00000000000000000000000000000000 
51444.00000000000000000000000000000000 
51681.00000000000000000000000000000000 
51936.00000000000000000000000000000000 
52209.00000000000000000000000000000000 
52500.00000000000000000000000000000000 
52809.00000000000000000000000000000000 
53136.00000000000000000000000000000000 
53481.00000000000000000000000000000000 
53844.00000000000000000000000000000000 
54225.00000000000000000000000000000000 
54624.00000000000000000000000000000000 
55041.00000000000000000000000000000000 
55476.00000000000000000000000000000000 
55929.00000000000000000000000000000000 
56400.00000000000000000000000000000000 
56889.00000000000000000000000000000000 
57396.00000000000000000000000000000000 
57921.00000000000000000000000000000000 
58464.00000000000000000000000000000000 
59025.00000000000000000000000000000000 
59604.00000000000000000000000000000000 
60201.00000000000000000000000000000000 
60816.00000000000000000000000000000000 
61449.00000000000000000000000000000000 
62100.00000000000000000000000000000000 
62769.00000000000000000000000000000000 
63456.00000000000000000000000000000000 
64161.00000000000000000000000000000000 
64884.00000000000000000000000000000000 
65625.00000000000000000000000000000000 
66384.00000000000000000000000000000000 
67161.00000000000000000000000000000000 
67956.00000000000000000000000000000000 
68769.00000000000000000000000000000000 
69600.00000000000000000000000000000000 
70449.00000000000000000000000000000000 
71316.00000000000000000000000000000000 
72201.00000000000000000000000000000000 
73104.00000000000000000000000000000000 
74025.00000000000000000000000000000000 
74964.00000000000000000000000000000000 
75921.00000000000000000000000000000000 
76896.00000000000000000000000000000000 
77889.00000000000000000000000000000000 
78900.00000000000000000000000000000000 
79929.00000000000000000000000000000000 
80976.00000000000000000000000000000000 
82041.00000000000000000000000000000000 
83124.00000000000000000000000000000000 
84225.00000000000000000000000000000000 
85344.00000000000000000000000000000000 
86481.00000000000000000000000000000000 
87636.00000000000000000000000000000000 
88809.00000000000000000000000000000000 
90000.00000000000000000000000000000000 
