0.00002386122312629745500000000000 
0.00002419198761370234200000000000 
0.00002452122311860915700000000000 
0.00002484842460987973400000000000 
0.00002517306482064191400000000000 
0.00002549459514582908300000000000 
0.00002581244676182855400000000000 
0.00002612603197826314000000000000 
0.00002643474582991884600000000000 
0.00002673796791443850100000000000 
0.00002703506447862878000000000000 
0.00002732539075308776800000000000 
0.00002760829353137682500000000000 
0.00002788311398616997700000000000 
0.00002814919071076706500000000000 
0.00002840586297011703100000000000 
0.00002865247414114208900000000000 
0.00002888837531777212900000000000 
0.00002911292905179190000000000000 
0.00002932551319648093800000000000 
0.00002952552481620360700000000000 
0.00002971238412170192400000000000 
0.00002988553838797406100000000000 
0.00003004446580939790900000000000 
0.00003018867924528301900000000000 
0.00003031772980839194700000000000 
0.00003043121024923161300000000000 
0.00003052875809012089400000000000 
0.00003061005846521166900000000000 
0.00003067484662576687300000000000 
0.00003072291007404221000000000000 
0.00003075409029400910400000000000 
0.00003076828405279837300000000000 
0.00003076544425301501200000000000 
0.00003074558032282859400000000000 
0.00003070875813782090500000000000 
0.00003065509947579780100000000000 
0.00003058478101296794600000000000 
0.00003049803287687944000000000000 
0.00003039513677811550200000000000 
0.00003027642374882678900000000000 
0.00003014227152158186700000000000 
0.00002999310158663507500000000000 
0.00002982937596945471800000000000 
0.00002965159377316530800000000000 
0.00002946028753240631700000000000 
0.00002925601942599689900000000000 
0.00002903937739574863500000000000 
0.00002881097121783975400000000000 
0.00002857142857142857100000000000 
0.00002832139114673312800000000000 
0.00002806151083174318200000000000 
0.00002779244601317362000000000000 
0.00002751485802333259800000000000 
0.00002722940776038121200000000000 
0.00002693675250511798300000000000 
0.00002663754295303801100000000000 
0.00002633242047609016200000000000 
0.00002602201462437221800000000000 
0.00002570694087403599100000000000 
0.00002538779862398131400000000000 
0.00002506516944054541700000000000 
0.00002473961554637440900000000000 
0.00002441167854701689100000000000 
0.00002408187838651414800000000000 
0.00002375071252137564200000000000 
0.00002341865530081262800000000000 
0.00002308615753993905300000000000 
0.00002275364627181505900000000000 
0.00002242152466367712900000000000 
0.00002209017208244052200000000000 
0.00002175994429454260700000000000 
0.00002143117378538822600000000000 
0.00002110417018402836500000000000 
0.00002077922077922077800000000000 
0.00002045659111365682100000000000 
0.00002013652564386540800000000000 
0.00001981924845409862100000000000 
0.00001950496401334139400000000000 
0.00001919385796545105500000000000 
0.00001888609794330393400000000000 
0.00001858183439869183700000000000 
0.00001828120144055867500000000000 
0.00001798431767498740900000000000 
0.00001769128704113224100000000000 
0.00001740219963803424700000000000 
0.00001711713253795724200000000000 
0.00001683615058253080900000000000 
0.00001655930715858848600000000000 
0.00001628664495114006400000000000 
0.00001601819667141873200000000000 
0.00001575398575839687600000000000 
0.00001549402705257123400000000000 
0.00001523832744118005700000000000 
0.00001498688647433495600000000000 
0.00001473969695183067000000000000 
0.00001449674548063959600000000000 
0.00001425801300330785900000000000 
0.00001402347529764826200000000000 
0.00001379310344827586200000000000 
0.00001356686429065650000000000000 
0.00001334472082844026800000000000 
0.00001312663262493272600000000000 
0.00001291255616961933700000000000 
0.00001270244522070498500000000000 
0.00001249625112466260100000000000 
0.00001229392311380484700000000000 
0.00001209540858290193100000000000 
0.00001190065334586868800000000000 
0.00001170960187353630000000000000 
0.00001152219751350977700000000000 
0.00001133838269309265600000000000 
0.00001115809910623626100000000000 
0.00001098128788544320500000000000 
0.00001080788975952445200000000000 
0.00001063784519807667800000000000 
0.00001047109454351263300000000000 
0.00001030757813144223700000000000 
0.00001014723640016641500000000000 
0.00000999000999000999000000000000 
0.00000983583983318415670000000000 
0.00000968466723483381180000000000 
0.00000953643394589027360000000000 
0.00000939108222831599080000000000 
0.00000924855491329479720000000000 
0.00000910879545288930920000000000 
0.00000897174796565614840000000000 
0.00000883735727667998190000000000 
0.00000870556895245888870000000000 
0.00000857632933104631250000000000 
0.00000844958554782887910000000000 
0.00000832528555729461470000000000 
0.00000820337815112263270000000000 
0.00000808381297290305960000000000 
0.00000796654052977494600000000000 
0.00000785151220124996010000000000 
0.00000773868024547093710000000000 
0.00000762799780313663260000000000 
0.00000751941889930746150000000000 
0.00000741289844329132700000000000 
0.00000730839222679402790000000000 
0.00000720585692050498610000000000 
0.00000710525006927618820000000000 
0.00000700653008604018980000000000 
0.00000690965624460183070000000000 
0.00000681458867142779230000000000 
0.00000672128833654834920000000000 
0.00000662971704367657550000000000 
0.00000653983741964174770000000000 
0.00000645161290322580640000000000 
0.00000636500773348439620000000000 
0.00000627998693762716980000000000 
0.00000619651631852572450000000000 
0.00000611456244191165680000000000 
0.00000603409262332176790000000000 
0.00000595507491484242870000000000 
0.00000587747809170041350000000000 
0.00000580127163874321260000000000 
0.00000572642573684783180000000000 
0.00000565291124929338610000000000 
0.00000558069970812940540000000000 
0.00000550976330056860770000000000 
0.00000544007485543001040000000000 
0.00000537160782965557290000000000 
0.00000530433629492109830000000000 
0.00000523823492435988750000000000 
0.00000517327897941552320000000000 
0.00000510944429683827580000000000 
0.00000504670727583787960000000000 
0.00000498504486540378840000000000 
0.00000492443455180258940000000000 
0.00000486485434626087260000000000 
0.00000480628277284065710000000000 
0.00000474869885651331560000000000 
0.00000469208211143694990000000000 
0.00000463641252944121970000000000 
0.00000458167056872276780000000000 
0.00000452783714275364960000000000 
0.00000447489360940443630000000000 
0.00000442282176028306020000000000 
0.00000437160381028988080000000000 
0.00000432122238738894420000000000 
0.00000427166052259494820000000000 
0.00000422290164017499690000000000 
0.00000417492954806387610000000000 
0.00000412772842849123300000000000 
0.00000408128282881875410000000000 
0.00000403557765258519110000000000 
0.00000399059815075681700000000000 
0.00000394632991318074180000000000 
0.00000390275886023830210000000000 
0.00000385987123469561030000000000 
0.00000381765359374821090000000000 
0.00000377609280125668380000000000 
0.00000373517602016995050000000000 
0.00000369489070513294230000000000 
0.00000365522459527525660000000000 
0.00000361616570717736570000000000 
0.00000357770232801090470000000000 
0.00000353982300884955750000000000 
