0.81472368639317894000000000000000 
0.90579193707561922000000000000000 
0.12698681629350606000000000000000 
0.91337585613901939000000000000000 
0.63235924622540951000000000000000 
0.09754040499940952500000000000000 
0.27849821886704840000000000000000 
0.54688151920498385000000000000000 
0.95750683543429760000000000000000 
0.96488853519927653000000000000000 
0.15761308167754828000000000000000 
0.97059278176061570000000000000000 
0.95716694824294557000000000000000 
0.48537564872284122000000000000000 
0.80028046888880011000000000000000 
0.14188633862721534000000000000000 
0.42176128262627499000000000000000 
0.91573552518906709000000000000000 
0.79220732955955442000000000000000 
0.95949242639290300000000000000000 
0.65574069915658684000000000000000 
0.03571167857418955400000000000000 
0.84912930586877711000000000000000 
0.93399324775755055000000000000000 
0.67873515485777347000000000000000 
0.75774013057833345000000000000000 
0.74313246812491618000000000000000 
0.39222701953416816000000000000000 
0.65547789017755664000000000000000 
0.17118668781156177000000000000000 
0.70604608801960878000000000000000 
0.03183284637742067600000000000000 
0.27692298496088996000000000000000 
0.04617139063115394100000000000000 
0.09713178123584753600000000000000 
0.82345782832729264000000000000000 
0.69482862297581705000000000000000 
0.31709948006086053000000000000000 
0.95022204883835493000000000000000 
0.03444608050290876000000000000000 
0.43874435965639824000000000000000 
0.38155845709300840000000000000000 
0.76551678814900237000000000000000 
0.79519990113706318000000000000000 
0.18687260455437860000000000000000 
0.48976439578823106000000000000000 
0.44558620071089949000000000000000 
0.64631301011126463000000000000000 
0.70936483085807256000000000000000 
0.75468668198236089000000000000000 
0.27602507699857837000000000000000 
0.67970267685367480000000000000000 
0.65509800397384066000000000000000 
0.16261173519463057000000000000000 
0.11899768155837664000000000000000 
0.49836405198214295000000000000000 
0.95974395851608107000000000000000 
0.34038572666613320000000000000000 
0.58526775097977735000000000000000 
0.22381193949113698000000000000000 
0.75126705930565285000000000000000 
0.25509511545926911000000000000000 
0.50595705166514238000000000000000 
0.69907672265668597000000000000000 
0.89090325253579850000000000000000 
0.95929142520544430000000000000000 
0.54721552996380307000000000000000 
0.13862444282867914000000000000000 
0.14929400555905747000000000000000 
0.25750825412373646000000000000000 
0.84071725598366254000000000000000 
0.25428217897153105000000000000000 
0.81428482606881636000000000000000 
0.24352496872498930000000000000000 
0.92926362318722777000000000000000 
0.34998376598480874000000000000000 
0.19659525043120818000000000000000 
0.25108385797603106000000000000000 
0.61604467614663916000000000000000 
0.47328884890272926000000000000000 
0.35165950706299676000000000000000 
0.83082862789629086000000000000000 
0.58526409115272426000000000000000 
0.54972360829113953000000000000000 
0.91719366382981005000000000000000 
0.28583901882037355000000000000000 
0.75720022911072127000000000000000 
0.75372909427849533000000000000000 
0.38044584697535666000000000000000 
0.56782164072522112000000000000000 
0.07585428956306361500000000000000 
0.05395011866660715000000000000000 
0.53079755300897269000000000000000 
0.77916723010201117000000000000000 
0.93401068422918299000000000000000 
0.12990620847373013000000000000000 
0.56882366087219272000000000000000 
0.46939064105820583000000000000000 
0.01190206950124139700000000000000 
0.33712264439888151000000000000000 
0.16218230819324275000000000000000 
0.79428454068390697000000000000000 
0.31121504204480488000000000000000 
0.52853313550621273000000000000000 
0.16564872949978093000000000000000 
0.60198194140163652000000000000000 
0.26297128454014429000000000000000 
0.65407909847678225000000000000000 
0.68921450314000776000000000000000 
0.74815159282370947000000000000000 
0.45054159850249775000000000000000 
0.08382137799693256700000000000000 
0.22897696871681883000000000000000 
0.91333736150166955000000000000000 
0.15237801896922298000000000000000 
0.82581697748954741000000000000000 
0.53834243526005710000000000000000 
0.99613471662688546000000000000000 
0.07817552875318367600000000000000 
0.44267826977544633000000000000000 
0.10665277018058439000000000000000 
0.96189808085505368000000000000000 
0.00463422413406744390000000000000 
0.77491046471150238000000000000000 
0.81730322065343297000000000000000 
0.86869470536350968000000000000000 
0.08443584551091032300000000000000 
0.39978264909889649000000000000000 
0.25987040285065421000000000000000 
0.80006848022430754000000000000000 
0.43141382746354462000000000000000 
0.91064759442952292000000000000000 
0.18184702830285249000000000000000 
0.26380291652199006000000000000000 
0.14553898038471702000000000000000 
0.13606855870866374000000000000000 
0.86929220764008930000000000000000 
0.57970458736557018000000000000000 
0.54986020183633200000000000000000 
0.14495479822372681000000000000000 
0.85303111772189366000000000000000 
0.62205513148506597000000000000000 
0.35095238089227088000000000000000 
0.51324953986705335000000000000000 
0.40180803375194174000000000000000 
0.07596669169084191400000000000000 
0.23991615355365803000000000000000 
0.12331893483516554000000000000000 
0.18390778828241672000000000000000 
0.23995252566490277000000000000000 
0.41726706908436950000000000000000 
0.04965443032574212700000000000000 
0.90271610991528106000000000000000 
0.94478718972164599000000000000000 
0.49086409246807994000000000000000 
0.48925263840001887000000000000000 
0.33771940982137716000000000000000 
0.90005384641766195000000000000000 
0.36924678112021503000000000000000 
0.11120275529378743000000000000000 
0.78025206832113791000000000000000 
0.38973883696125344000000000000000 
0.24169128591383271000000000000000 
0.40391214558811472000000000000000 
0.09645452516838859400000000000000 
0.13197329260633506000000000000000 
0.94205059077548514000000000000000 
0.95613454022980227000000000000000 
0.57520859507846556000000000000000 
0.05977954294715581700000000000000 
0.23477991337240633000000000000000 
0.35315857122207106000000000000000 
0.82119404019795905000000000000000 
0.01540343765155505200000000000000 
0.04302380165780783600000000000000 
0.16899002946270436000000000000000 
0.64911547495645205000000000000000 
0.73172238565867032000000000000000 
0.64774596313630672000000000000000 
0.45092370643094493000000000000000 
0.54700889228634497000000000000000 
0.29632080560777319000000000000000 
0.74469280707415619000000000000000 
0.18895501503254453000000000000000 
0.68677543336531499000000000000000 
0.18351115573726973000000000000000 
0.36848459649033649000000000000000 
0.62561856072969035000000000000000 
0.78022743515137682000000000000000 
0.08112576886578526400000000000000 
0.92938597096872999000000000000000 
0.77571267860840232000000000000000 
0.48679163240317236000000000000000 
0.43585858858091908000000000000000 
0.44678374942980625000000000000000 
0.30634947201655738000000000000000 
0.50850865538112699000000000000000 
0.51077156417210967000000000000000 
0.81762770832226206000000000000000 
0.79483141688345305000000000000000 
