0.00161845396880915680000000000000 
0.00095102377114654653000000000000 
0.00203859794123808060000000000000 
0.00133839736686645310000000000000 
0.00088098665263742809000000000000 
0.00235866528275381670000000000000 
0.00220026886296757940000000000000 
0.00138193025293547830000000000000 
0.00156358672247924190000000000000 
0.00147458962800201590000000000000 
0.00052182504636678526000000000000 
0.00075669656957110594000000000000 
0.00118290596942239280000000000000 
0.00057896008225901991000000000000 
0.00212080780037578190000000000000 
0.00048922577630607382000000000000 
0.00056748985620704755000000000000 
0.00042879922738020353000000000000 
0.00057186686062455673000000000000 
0.00109442561282716270000000000000 
0.00078145361264877577000000000000 
0.00231942479413130980000000000000 
0.00108063210901591390000000000000 
0.00046423760684134822000000000000 
0.00227295822735826750000000000000 
0.00246101665788616430000000000000 
0.00110239153069243240000000000000 
0.00027911886964032126000000000000 
0.00064822920811316651000000000000 
0.00102665783573880290000000000000 
0.00149431137646055690000000000000 
0.00065864613143311768000000000000 
0.00151427337654817090000000000000 
0.00178649326874686450000000000000 
0.00055700261240946907000000000000 
0.00029493980400442801000000000000 
0.00074521610049337159000000000000 
0.00080073489126728783000000000000 
0.00106545872842249660000000000000 
0.00127568233436999220000000000000 
0.00021480597039020785000000000000 
0.00065932556385105471000000000000 
0.00201205776237607090000000000000 
0.00007339801873329908200000000000 
0.00233317610980640680000000000000 
0.00183450818491929570000000000000 
0.00122733025161103000000000000000 
0.00145318925107302770000000000000 
0.00059602940444810574000000000000 
0.00115257614561923930000000000000 
0.00241916903417717720000000000000 
0.00137351386557225710000000000000 
0.00130903402237004330000000000000 
0.00058173879758692353000000000000 
0.00122805560934871240000000000000 
0.00156756806793016240000000000000 
0.00170591135025659120000000000000 
0.00099348930369352385000000000000 
0.00092295913191822471000000000000 
0.00248169858831735970000000000000 
0.00009479574604768596600000000000 
0.00222344150941015780000000000000 
0.00229407279042343230000000000000 
0.00199992346904543250000000000000 
0.00024795403337832977000000000000 
0.00065779067356820187000000000000 
0.00084237829601647811000000000000 
0.00170739941818253840000000000000 
0.00034300597290301695000000000000 
0.00181164156771906760000000000000 
0.00026817367157393326000000000000 
0.00164216421362023220000000000000 
0.00124130880624985720000000000000 
0.00195688945302879620000000000000 
0.00179609193526095490000000000000 
0.00227004341393764220000000000000 
0.00223789615015504380000000000000 
0.00083937963808313680000000000000 
0.00175517017531563780000000000000 
0.00049687581967164699000000000000 
0.00007671538862807946500000000000 
0.00186903003865255470000000000000 
0.00125599957140939810000000000000 
0.00120550991452581450000000000000 
0.00227255951408638800000000000000 
0.00153191575920284750000000000000 
0.00155150782320674900000000000000 
0.00215882146621802950000000000000 
0.00202329795620057690000000000000 
0.00144865894983216760000000000000 
0.00045948046894154842000000000000 
0.00060268196183237415000000000000 
0.00222681729606518740000000000000 
0.00007202621450962507400000000000 
0.00123057665058155820000000000000 
0.00042181391872139317000000000000 
0.00245833464461460730000000000000 
0.00179020757322215250000000000000 
0.00125712788207011210000000000000 
0.00118332049605380010000000000000 
0.00014975582453526204000000000000 
0.00171303597270278320000000000000 
0.00010658219856163030000000000000 
0.00017946289312325157000000000000 
0.00131032516128514390000000000000 
0.00024297483927853157000000000000 
0.00205509625139917550000000000000 
0.00205358544771407210000000000000 
0.00181468620965158280000000000000 
0.00037644497151258428000000000000 
0.00165685348493282130000000000000 
0.00130265159954171110000000000000 
0.00244400158231542060000000000000 
0.00163019292470931560000000000000 
0.00201033951294995240000000000000 
0.00113988830720128540000000000000 
0.00108611835145370040000000000000 
0.00207309452440807140000000000000 
0.00020966669538472282000000000000 
0.00033451044707888850000000000000 
0.00043553250467189393000000000000 
0.00098199136122116538000000000000 
0.00208833149546938220000000000000 
0.00201796011482411770000000000000 
0.00015189673445424056000000000000 
0.00100289017667900500000000000000 
0.00132345224974412940000000000000 
0.00104695292815575570000000000000 
0.00164995744753971690000000000000 
0.00157739776029911420000000000000 
0.00073343084867263984000000000000 
0.00108425871769299190000000000000 
0.00003890190074820016800000000000 
0.00247185631700877870000000000000 
0.00041990806064165579000000000000 
0.00026680339563085200000000000000 
0.00093545097300751277000000000000 
0.00049765092718005092000000000000 
0.00123003973361042480000000000000 
0.00085276889868311681000000000000 
0.00239038765228632730000000000000 
0.00231176956334899810000000000000 
0.00013231863572704450000000000000 
0.00185341573850864290000000000000 
0.00067599743562617349000000000000 
0.00106211504409963280000000000000 
0.00137618948298049360000000000000 
0.00236804823928749110000000000000 
0.00104932574747614610000000000000 
0.00246931615198765730000000000000 
0.00075722059538125338000000000000 
0.00176108045209578350000000000000 
0.00167376752008259420000000000000 
0.00135422445240887530000000000000 
0.00175356178390285350000000000000 
0.00167424242189834990000000000000 
0.00044744849521970729000000000000 
0.00032155763369494524000000000000 
0.00250957648758829600000000000000 
0.00042983668472617215000000000000 
0.00008188955874671231100000000000 
0.00140967014467338400000000000000 
0.00221514849688773770000000000000 
0.00168089236776123450000000000000 
0.00047834673993736528000000000000 
0.00092667646641727630000000000000 
0.00115729123044896150000000000000 
0.00246576304969829210000000000000 
0.00039287147731880876000000000000 
0.00214897612785134880000000000000 
0.00161957529168253190000000000000 
0.00094515305955351642000000000000 
0.00047957863951773974000000000000 
0.00107572288231828690000000000000 
0.00121078467479420220000000000000 
0.00030296267492362235000000000000 
0.00148077585207885970000000000000 
0.00056815776374538021000000000000 
0.00096611955980261842000000000000 
0.00146439558457873250000000000000 
0.00000000316254191204620970000000 
0.00000000364776981877986700000000 
0.00000000775031109757792070000000 
0.00000000333177758945164630000000 
0.00000001035369779377103500000000 
0.00000001234169430251320400000000 
0.00000000917151016461618000000000 
0.00000000431889990372294890000000 
0.00000000733557916661494930000000 
0.00000000135351763563953590000000 
0.00000001138271573191801800000000 
0.00000001104795127476481200000000 
0.00000001027060826653399500000000 
0.00000000327459561571032010000000 
0.00000000746477700763319400000000 
0.00000000028274538121144610000000 
0.00000000534101558159436410000000 
0.00000000392757164340741980000000 
0.00000000202815669066239230000000 
0.00000000224520179457990590000000 
