41909.00000000000000000000000000000000 
41336.00000000000000000000000000000000 
40781.00000000000000000000000000000000 
40244.00000000000000000000000000000000 
39725.00000000000000000000000000000000 
39224.00000000000000000000000000000000 
38741.00000000000000000000000000000000 
38276.00000000000000000000000000000000 
37829.00000000000000000000000000000000 
37400.00000000000000000000000000000000 
36989.00000000000000000000000000000000 
36596.00000000000000000000000000000000 
36221.00000000000000000000000000000000 
35864.00000000000000000000000000000000 
35525.00000000000000000000000000000000 
35204.00000000000000000000000000000000 
34901.00000000000000000000000000000000 
34616.00000000000000000000000000000000 
34349.00000000000000000000000000000000 
34100.00000000000000000000000000000000 
33869.00000000000000000000000000000000 
33656.00000000000000000000000000000000 
33461.00000000000000000000000000000000 
33284.00000000000000000000000000000000 
33125.00000000000000000000000000000000 
32984.00000000000000000000000000000000 
32861.00000000000000000000000000000000 
32756.00000000000000000000000000000000 
32669.00000000000000000000000000000000 
32600.00000000000000000000000000000000 
32549.00000000000000000000000000000000 
32516.00000000000000000000000000000000 
32501.00000000000000000000000000000000 
32504.00000000000000000000000000000000 
32525.00000000000000000000000000000000 
32564.00000000000000000000000000000000 
32621.00000000000000000000000000000000 
32696.00000000000000000000000000000000 
32789.00000000000000000000000000000000 
32900.00000000000000000000000000000000 
33029.00000000000000000000000000000000 
33176.00000000000000000000000000000000 
33341.00000000000000000000000000000000 
33524.00000000000000000000000000000000 
33725.00000000000000000000000000000000 
33944.00000000000000000000000000000000 
34181.00000000000000000000000000000000 
34436.00000000000000000000000000000000 
34709.00000000000000000000000000000000 
35000.00000000000000000000000000000000 
35309.00000000000000000000000000000000 
35636.00000000000000000000000000000000 
35981.00000000000000000000000000000000 
36344.00000000000000000000000000000000 
36725.00000000000000000000000000000000 
37124.00000000000000000000000000000000 
37541.00000000000000000000000000000000 
37976.00000000000000000000000000000000 
38429.00000000000000000000000000000000 
38900.00000000000000000000000000000000 
39389.00000000000000000000000000000000 
39896.00000000000000000000000000000000 
40421.00000000000000000000000000000000 
40964.00000000000000000000000000000000 
41525.00000000000000000000000000000000 
42104.00000000000000000000000000000000 
42701.00000000000000000000000000000000 
43316.00000000000000000000000000000000 
43949.00000000000000000000000000000000 
44600.00000000000000000000000000000000 
45269.00000000000000000000000000000000 
45956.00000000000000000000000000000000 
46661.00000000000000000000000000000000 
47384.00000000000000000000000000000000 
48125.00000000000000000000000000000000 
48884.00000000000000000000000000000000 
49661.00000000000000000000000000000000 
50456.00000000000000000000000000000000 
51269.00000000000000000000000000000000 
52100.00000000000000000000000000000000 
52949.00000000000000000000000000000000 
53816.00000000000000000000000000000000 
54701.00000000000000000000000000000000 
55604.00000000000000000000000000000000 
56525.00000000000000000000000000000000 
57464.00000000000000000000000000000000 
58421.00000000000000000000000000000000 
59396.00000000000000000000000000000000 
60389.00000000000000000000000000000000 
61400.00000000000000000000000000000000 
62429.00000000000000000000000000000000 
63476.00000000000000000000000000000000 
64541.00000000000000000000000000000000 
65624.00000000000000000000000000000000 
66725.00000000000000000000000000000000 
67844.00000000000000000000000000000000 
68981.00000000000000000000000000000000 
70136.00000000000000000000000000000000 
71309.00000000000000000000000000000000 
72500.00000000000000000000000000000000 
73709.00000000000000000000000000000000 
74936.00000000000000000000000000000000 
76181.00000000000000000000000000000000 
77444.00000000000000000000000000000000 
78725.00000000000000000000000000000000 
80024.00000000000000000000000000000000 
81341.00000000000000000000000000000000 
82676.00000000000000000000000000000000 
84029.00000000000000000000000000000000 
85400.00000000000000000000000000000000 
86789.00000000000000000000000000000000 
88196.00000000000000000000000000000000 
89621.00000000000000000000000000000000 
91064.00000000000000000000000000000000 
92525.00000000000000000000000000000000 
94004.00000000000000000000000000000000 
95501.00000000000000000000000000000000 
97016.00000000000000000000000000000000 
98549.00000000000000000000000000000000 
100100.00000000000000000000000000000000 
101669.00000000000000000000000000000000 
103256.00000000000000000000000000000000 
104861.00000000000000000000000000000000 
106484.00000000000000000000000000000000 
108125.00000000000000000000000000000000 
109784.00000000000000000000000000000000 
111461.00000000000000000000000000000000 
113156.00000000000000000000000000000000 
114869.00000000000000000000000000000000 
116600.00000000000000000000000000000000 
118349.00000000000000000000000000000000 
120116.00000000000000000000000000000000 
121901.00000000000000000000000000000000 
123704.00000000000000000000000000000000 
125525.00000000000000000000000000000000 
127364.00000000000000000000000000000000 
129221.00000000000000000000000000000000 
131096.00000000000000000000000000000000 
132989.00000000000000000000000000000000 
134900.00000000000000000000000000000000 
136829.00000000000000000000000000000000 
138776.00000000000000000000000000000000 
140741.00000000000000000000000000000000 
142724.00000000000000000000000000000000 
144725.00000000000000000000000000000000 
146744.00000000000000000000000000000000 
148781.00000000000000000000000000000000 
150836.00000000000000000000000000000000 
152909.00000000000000000000000000000000 
155000.00000000000000000000000000000000 
157109.00000000000000000000000000000000 
159236.00000000000000000000000000000000 
161381.00000000000000000000000000000000 
163544.00000000000000000000000000000000 
165725.00000000000000000000000000000000 
167924.00000000000000000000000000000000 
170141.00000000000000000000000000000000 
172376.00000000000000000000000000000000 
174629.00000000000000000000000000000000 
176900.00000000000000000000000000000000 
179189.00000000000000000000000000000000 
181496.00000000000000000000000000000000 
183821.00000000000000000000000000000000 
186164.00000000000000000000000000000000 
188525.00000000000000000000000000000000 
190904.00000000000000000000000000000000 
193301.00000000000000000000000000000000 
195716.00000000000000000000000000000000 
198149.00000000000000000000000000000000 
200600.00000000000000000000000000000000 
203069.00000000000000000000000000000000 
205556.00000000000000000000000000000000 
208061.00000000000000000000000000000000 
210584.00000000000000000000000000000000 
213125.00000000000000000000000000000000 
215684.00000000000000000000000000000000 
218261.00000000000000000000000000000000 
220856.00000000000000000000000000000000 
223469.00000000000000000000000000000000 
226100.00000000000000000000000000000000 
228749.00000000000000000000000000000000 
231416.00000000000000000000000000000000 
234101.00000000000000000000000000000000 
236804.00000000000000000000000000000000 
239525.00000000000000000000000000000000 
242264.00000000000000000000000000000000 
245021.00000000000000000000000000000000 
247796.00000000000000000000000000000000 
250589.00000000000000000000000000000000 
253400.00000000000000000000000000000000 
256229.00000000000000000000000000000000 
259076.00000000000000000000000000000000 
261941.00000000000000000000000000000000 
264824.00000000000000000000000000000000 
267725.00000000000000000000000000000000 
270644.00000000000000000000000000000000 
273581.00000000000000000000000000000000 
276536.00000000000000000000000000000000 
279509.00000000000000000000000000000000 
282500.00000000000000000000000000000000 
