0.63338808705572103000000000000000 
0.45985369953282479000000000000000 
4.63340765660886600000000000000000 
0.52759325671473944000000000000000 
0.65057603102444728000000000000000 
6.70300734574872160000000000000000 
2.27302737877240980000000000000000 
0.91649157406881432000000000000000 
0.55905552176949036000000000000000 
0.54281241217336640000000000000000 
2.29093488215234720000000000000000 
0.41621576949277655000000000000000 
0.50405876740992417000000000000000 
0.77363622800578480000000000000000 
0.82738122601942932000000000000000 
2.54986512849549120000000000000000 
0.89637063616704560000000000000000 
0.38533515617001590000000000000000 
0.48241449936448588000000000000000 
0.50851532633588026000000000000000 
0.65264387844711669000000000000000 
20.89033663487057200000000000000000 
0.58318498055722412000000000000000 
0.39426881877838083000000000000000 
1.11754399297714510000000000000000 
1.06531986637474760000000000000000 
0.69227331772867307000000000000000 
0.84868502609122964000000000000000 
0.63825586682895519000000000000000 
2.97194625775080380000000000000000 
0.88258333405772538000000000000000 
13.45130071148406300000000000000000 
2.30990419665225270000000000000000 
15.44945936901277300000000000000000 
4.22641512650554850000000000000000 
0.41975610969371530000000000000000 
0.66831553629876950000000000000000 
1.52123870981741650000000000000000 
0.58661873326020797000000000000000 
18.00015496153348200000000000000000 
0.75205266863816533000000000000000 
1.19834187143617420000000000000000 
1.11217533898302420000000000000000 
0.36667762382272745000000000000000 
5.18110890017344610000000000000000 
1.69218359513635150000000000000000 
1.45996733565554780000000000000000 
1.12748577986585710000000000000000 
0.65066709766120590000000000000000 
0.85758335746200898000000000000000 
3.89928372039112410000000000000000 
1.08321666702015660000000000000000 
1.10312821932461040000000000000000 
2.92066139799626880000000000000000 
5.97303810459475760000000000000000 
1.69216472517142960000000000000000 
0.94381666740240899000000000000000 
1.90196521599709300000000000000000 
1.07195740845117400000000000000000 
5.58333870235269280000000000000000 
0.41017450362666402000000000000000 
4.63517257973601280000000000000000 
2.43103041843566900000000000000000 
1.60716744039800560000000000000000 
0.42421717334177234000000000000000 
0.58594474898231996000000000000000 
1.19077016318935680000000000000000 
7.64052599354899620000000000000000 
2.89207750245449930000000000000000 
4.43447165555218700000000000000000 
0.47783381916930218000000000000000 
4.29946572714880660000000000000000 
1.11168642661561190000000000000000 
5.30659996783811310000000000000000 
1.32138573830565460000000000000000 
4.30336491948781410000000000000000 
7.70249600252243120000000000000000 
2.97334613709267790000000000000000 
2.09014232418684330000000000000000 
1.19208975506505270000000000000000 
0.89970860242511896000000000000000 
1.71437958389157720000000000000000 
1.81510822582371770000000000000000 
1.90413157295707310000000000000000 
1.92505865379808830000000000000000 
4.54738781728052200000000000000000 
1.76353899772669000000000000000000 
2.36707859225448260000000000000000 
4.51961617493818400000000000000000 
2.34227485912137020000000000000000 
8.08629163324138570000000000000000 
13.53073088101483800000000000000000 
3.77852744620009950000000000000000 
0.42009650115836755000000000000000 
1.35974584030899280000000000000000 
4.77233725132260210000000000000000 
4.13478256081028130000000000000000 
3.87189780556418480000000000000000 
115.85416600882878000000000000000000 
3.95994890473411680000000000000000 
2.51253527839980520000000000000000 
2.35931353386544410000000000000000 
1.19452617012104770000000000000000 
0.84129125880273370000000000000000 
9.47484494725858720000000000000000 
0.85631178979703448000000000000000 
9.06767549116078800000000000000000 
3.70154325487199510000000000000000 
3.19843000284708360000000000000000 
0.90649187826271593000000000000000 
4.65382185167467450000000000000000 
20.63488471474817500000000000000000 
13.32815564416316300000000000000000 
2.35826346265681020000000000000000 
17.24265350761952900000000000000000 
1.96844514280274940000000000000000 
2.93326694577474800000000000000000 
2.81177589603395050000000000000000 
6.76805862504285560000000000000000 
1.55448800140489540000000000000000 
7.69132194784682800000000000000000 
1.58358821097612410000000000000000 
638.72468256067566000000000000000000 
3.73137815858509380000000000000000 
0.57365078510249834000000000000000 
1.83253273083776660000000000000000 
23.98250506150517900000000000000000 
4.16607312192472980000000000000000 
9.53851746756402190000000000000000 
2.98586005183566310000000000000000 
2.91532554556830760000000000000000 
1.90257923714881170000000000000000 
1.77355078756597990000000000000000 
13.67057956658031500000000000000000 
5.74532107784009320000000000000000 
4.62293182148429340000000000000000 
1.75460501100814170000000000000000 
1.61342302020929030000000000000000 
3.46797317355244240000000000000000 
9.64897151377195610000000000000000 
4.00204394716228510000000000000000 
5.28707433769658230000000000000000 
1.25778280099511440000000000000000 
5.16365356226533030000000000000000 
2.81210421795223060000000000000000 
21.15798466775543900000000000000000 
8.26876405191496570000000000000000 
25.82507066945826000000000000000000 
8.40470016556325560000000000000000 
13.47424609691490200000000000000000 
2.79522363962121160000000000000000 
46.82770086184311300000000000000000 
2.43111658956441490000000000000000 
1.90886379916919120000000000000000 
4.53167021284598090000000000000000 
4.30409969001083950000000000000000 
2.22804236234608680000000000000000 
0.67861888253256997000000000000000 
7.80842230399167380000000000000000 
6.38118811367054570000000000000000 
0.45142796779442690000000000000000 
4.25745057390058260000000000000000 
9.98000307099020210000000000000000 
4.61595026589945510000000000000000 
7.41254710778425170000000000000000 
8.44992934344855760000000000000000 
1.38488325213516910000000000000000 
2.54192598482244980000000000000000 
1.05577885884109880000000000000000 
34.75352790698141100000000000000000 
6.83383928013267020000000000000000 
2.92437188235415980000000000000000 
0.79036979102750371000000000000000 
71.58160892612436000000000000000000 
27.60442561356209300000000000000000 
2.92812473214304570000000000000000 
2.07341322507348600000000000000000 
0.92133168189478154000000000000000 
1.45556641569973540000000000000000 
2.81300698288812880000000000000000 
0.49359729764366711000000000000000 
0.91118267333019165000000000000000 
0.36257226610416216000000000000000 
1.42892257690151750000000000000000 
0.39315085642267128000000000000000 
1.47134058341337860000000000000000 
0.73274539861501498000000000000000 
0.43157684813161978000000000000000 
0.34605824361328291000000000000000 
3.32817489579317230000000000000000 
0.29052101477896958000000000000000 
0.34807456306307533000000000000000 
0.55466304398346422000000000000000 
0.61947079022917273000000000000000 
0.60432752365321785000000000000000 
0.88134683622022425000000000000000 
0.53096943453196777000000000000000 
0.52861564511114978000000000000000 
0.33022478128578431000000000000000 
0.33969594634228967000000000000000 
