1.57881087509627730000000000000000 
2.17460466451813120000000000000000 
0.21582387609983961000000000000000 
1.89539950951397930000000000000000 
1.53709935858737800000000000000000 
0.14918676773258119000000000000000 
0.43994190714062947000000000000000 
1.09111750538026820000000000000000 
1.78873110283368190000000000000000 
1.84225706261229450000000000000000 
0.43650302232095478000000000000000 
2.40259998129973560000000000000000 
1.98389565791790550000000000000000 
1.29259717138339920000000000000000 
1.20863269379587910000000000000000 
0.39217760532692753000000000000000 
1.11560994933533530000000000000000 
2.59514343289970740000000000000000 
2.07290618610626560000000000000000 
1.96650906710231290000000000000000 
1.53222918811308410000000000000000 
0.04786902276772217500000000000000 
1.71472180069609430000000000000000 
2.53634056859591970000000000000000 
0.89481935949205260000000000000000 
0.93868520766722474000000000000000 
1.44451616780633470000000000000000 
1.17829344133203160000000000000000 
1.56676977364626070000000000000000 
0.33647983956372385000000000000000 
1.13303748372682840000000000000000 
0.07434225295002504200000000000000 
0.43291838745922939000000000000000 
0.06472718404669330900000000000000 
0.23660714105639977000000000000000 
2.38233578238961920000000000000000 
1.49629919654142450000000000000000 
0.65735902823562975000000000000000 
1.70468473524937280000000000000000 
0.05555507728333507900000000000000 
1.32969410481691860000000000000000 
0.83448640478658409000000000000000 
0.89913880028521609000000000000000 
2.72719123020022680000000000000000 
0.19300887498553126000000000000000 
0.59095242553714911000000000000000 
0.68494683105426091000000000000000 
0.88692914612100493000000000000000 
1.53688422788620450000000000000000 
1.16606740475872650000000000000000 
0.25645735773740858000000000000000 
0.92317634176634378000000000000000 
0.90651293519827592000000000000000 
0.34238820038709517000000000000000 
0.16741898887782924000000000000000 
0.59095901546978069000000000000000 
1.05952780294950700000000000000000 
0.52577197079587834000000000000000 
0.93287288479572872000000000000000 
0.17910430538248068000000000000000 
2.43798673773781930000000000000000 
0.21574169737968055000000000000000 
0.41134820544264716000000000000000 
0.62221270470260137000000000000000 
2.35728316258980360000000000000000 
1.70664555273653210000000000000000 
0.83979262406239819000000000000000 
0.13088104154665714000000000000000 
0.34577219979454299000000000000000 
0.22550600785731678000000000000000 
2.09277778148576000000000000000000 
0.23258703835817074000000000000000 
0.89953423560668355000000000000000 
0.18844457959159033000000000000000 
0.75678128725851757000000000000000 
0.23237629592403239000000000000000 
0.12982804530797779000000000000000 
0.33632142168882989000000000000000 
0.47843631911001261000000000000000 
0.83886300989595353000000000000000 
1.11147097771939780000000000000000 
0.58330139334139619000000000000000 
0.55093133608944345000000000000000 
0.52517379271592179000000000000000 
0.51946469164824005000000000000000 
0.21990646942402875000000000000000 
0.56704161421384014000000000000000 
0.42246168051715066000000000000000 
0.22125772660632564000000000000000 
0.42693537699291112000000000000000 
0.12366608148154937000000000000000 
0.07390583766639792500000000000000 
0.26465336410501833000000000000000 
2.38040544789736550000000000000000 
0.73543155665970406000000000000000 
0.20954093295122023000000000000000 
0.24185068629196138000000000000000 
0.25827127941314226000000000000000 
0.00863154113874328890000000000000 
0.25252851086146605000000000000000 
0.39800436180815918000000000000000 
0.42385210174318094000000000000000 
0.83715202313120085000000000000000 
1.18864898397153130000000000000000 
0.10554262423991813000000000000000 
1.16779893949261520000000000000000 
0.11028184687186970000000000000000 
0.27015758864462641000000000000000 
0.31265339529389408000000000000000 
1.10315384393348510000000000000000 
0.21487715513651445000000000000000 
0.04846162282095423800000000000000 
0.07502913581579705200000000000000 
0.42404083166916562000000000000000 
0.05799571391712418000000000000000 
0.50801517312093381000000000000000 
0.34091680657993279000000000000000 
0.35564712017430483000000000000000 
0.14775285726690465000000000000000 
0.64329862893520739000000000000000 
0.13001666121646985000000000000000 
0.63147729508771711000000000000000 
0.00156561978471061340000000000000 
0.26799749516119570000000000000000 
1.74322083394573020000000000000000 
0.54569284530205187000000000000000 
0.04169706198061523500000000000000 
0.24003419304796048000000000000000 
0.10483809495558677000000000000000 
0.33491187886894253000000000000000 
0.34301486553367477000000000000000 
0.52560228792288888000000000000000 
0.56384063372236404000000000000000 
0.07314978820975834300000000000000 
0.17405467622288950000000000000000 
0.21631294568366102000000000000000 
0.56992884080812634000000000000000 
0.61980025540374517000000000000000 
0.28835286490282824000000000000000 
0.10363798862632169000000000000000 
0.24987231854589365000000000000000 
0.18914052198397302000000000000000 
0.79504982832396376000000000000000 
0.19366132679925435000000000000000 
0.35560559726630553000000000000000 
0.04726348070021953200000000000000 
0.12093705827395203000000000000000 
0.03872206247948971300000000000000 
0.11898104397552692000000000000000 
0.07421565502124549700000000000000 
0.35775312780894797000000000000000 
0.02135488143973422700000000000000 
0.41133362517145705000000000000000 
0.52387184483001736000000000000000 
0.22066919105571448000000000000000 
0.23233662601283328000000000000000 
0.44882450033266819000000000000000 
1.47358115982280460000000000000000 
0.12806684386022499000000000000000 
0.15671062852036602000000000000000 
2.21519283549437510000000000000000 
0.23488235098495155000000000000000 
0.10020036996850157000000000000000 
0.21664011577151210000000000000000 
0.13490639391011150000000000000000 
0.11834418482745364000000000000000 
0.72208252822628316000000000000000 
0.39340248534807304000000000000000 
0.94716804719662051000000000000000 
0.02877405720295568600000000000000 
0.14633062894926413000000000000000 
0.34195377340141370000000000000000 
1.26523054316128510000000000000000 
0.01397006877886815400000000000000 
0.03622607526775339200000000000000 
0.34151550616087201000000000000000 
0.48229652821113744000000000000000 
1.08538544766357290000000000000000 
0.68701777480848880000000000000000 
0.35549147445531570000000000000000 
2.02594302029973860000000000000000 
1.09747477566183150000000000000000 
2.75807085507393260000000000000000 
0.69982797960152943000000000000000 
2.54355289747840010000000000000000 
0.67965229211586720000000000000000 
1.36473050788190720000000000000000 
2.31708444122801000000000000000000 
2.88968697742537060000000000000000 
0.30046497894807284000000000000000 
3.44209179071196260000000000000000 
2.87294765581243540000000000000000 
1.80289639060541450000000000000000 
1.61428111829139010000000000000000 
1.65473184798022130000000000000000 
1.13462709446900160000000000000000 
1.88334758079147700000000000000000 
1.89173364286207260000000000000000 
3.02824032801637740000000000000000 
2.94380904678904990000000000000000 
