1.20390446867181410000000000000000 
1.79760777751473700000000000000000 
0.15764107109719339000000000000000 
1.47346582494062650000000000000000 
1.27315573942480880000000000000000 
0.10545688843326653000000000000000 
0.31300933746087295000000000000000 
0.83165950021507429000000000000000 
1.33165125626728660000000000000000 
1.37936504889878920000000000000000 
0.38414520359939763000000000000000 
1.99170211471202620000000000000000 
1.52314211675568820000000000000000 
1.11022501225078820000000000000000 
0.83971298577007569000000000000000 
0.34337938248805683000000000000000 
0.95234703607801940000000000000000 
2.30281581629516110000000000000000 
1.75656699557299740000000000000000 
1.49180976243947900000000000000000 
1.22603767131876770000000000000000 
0.03205612584763302400000000000000 
1.29014918951014450000000000000000 
2.18703899844733750000000000000000 
0.59531331336479121000000000000000 
0.61596942427645718000000000000000 
1.06891706200602040000000000000000 
1.08054127769891960000000000000000 
1.26109060691341200000000000000000 
0.24964571225980883000000000000000 
0.78817877501693301000000000000000 
0.05915075924666742700000000000000 
0.29892592921549027000000000000000 
0.04349307278508152800000000000000 
0.19207310111501172000000000000000 
2.12998753145259600000000000000000 
1.15001963897734960000000000000000 
0.49785359456389200000000000000000 
1.22783390490101160000000000000000 
0.03880101236090046500000000000000 
1.22800751829005160000000000000000 
0.64770259816923736000000000000000 
0.58636304971381781000000000000000 
2.77077024015218540000000000000000 
0.12356641230097150000000000000000 
0.38960041900192449000000000000000 
0.47751556015197194000000000000000 
0.60334480104680166000000000000000 
1.20140180221502550000000000000000 
0.82042124271006733000000000000000 
0.16446573127175884000000000000000 
0.63449052824867513000000000000000 
0.62792087014973363000000000000000 
0.26831850850988126000000000000000 
0.11736510270918037000000000000000 
0.40249144952338722000000000000000 
0.71674046181562945000000000000000 
0.38200793640488234000000000000000 
0.68657915558799310000000000000000 
0.11828075758284246000000000000000 
2.41312154725556650000000000000000 
0.14548156905457083000000000000000 
0.27840138552614696000000000000000 
0.42895092749759151000000000000000 
2.11724933767202740000000000000000 
1.34947743807595670000000000000000 
0.64686636080986459000000000000000 
0.09429334316016448100000000000000 
0.30143250716333525000000000000000 
0.16460590942867781000000000000000 
1.89335829528597070000000000000000 
0.17452786117296562000000000000000 
0.69767479122638754000000000000000 
0.14284546280509816000000000000000 
0.58388744076602539000000000000000 
0.17917151249264618000000000000000 
0.10157412714042788000000000000000 
0.28440214982518003000000000000000 
0.39009295184387516000000000000000 
0.75662586431074474000000000000000 
1.14837502779542340000000000000000 
0.49682785840410532000000000000000 
0.48549606558135572000000000000000 
0.47109154721539787000000000000000 
0.46338573426622659000000000000000 
0.20220365932724368000000000000000 
0.53082245934386441000000000000000 
0.40005395664270060000000000000000 
0.21409438748964960000000000000000 
0.42406360983603608000000000000000 
0.12801070548285334000000000000000 
0.07729220650506915500000000000000 
0.27893346480949721000000000000000 
2.58809216717999260000000000000000 
0.81073210508218785000000000000000 
0.23374105303980328000000000000000 
0.28019060108684851000000000000000 
0.30556867364274326000000000000000 
0.01039137078810531800000000000000 
0.31052361949419022000000000000000 
0.45954247416506838000000000000000 
0.55194152857805956000000000000000 
0.96884464492043310000000000000000 
1.42775733201313270000000000000000 
0.14633207735136491000000000000000 
1.46821458506883840000000000000000 
0.16390380423814083000000000000000 
0.41191474068319867000000000000000 
0.48603167308248091000000000000000 
1.53425251295312860000000000000000 
0.34919669261114661000000000000000 
0.07930404241653589400000000000000 
0.13112883976468115000000000000000 
0.74013440880601356000000000000000 
0.10526555131924785000000000000000 
0.89886779147154050000000000000000 
0.61304520968353549000000000000000 
0.69472488987771197000000000000000 
0.21357081047790885000000000000000 
1.02074192636319870000000000000000 
0.21934254591117269000000000000000 
1.23740757388200470000000000000000 
0.00341524393031636310000000000000 
0.59462293385367659000000000000000 
2.50680869822335950000000000000000 
1.14872281321781040000000000000000 
0.09296675807357286700000000000000 
0.52462981979511170000000000000000 
0.24859795441357208000000000000000 
0.80158333910681778000000000000000 
0.72987300609557904000000000000000 
1.21890658338595580000000000000000 
0.68507917539729590000000000000000 
0.19548626052701257000000000000000 
0.33696562194021223000000000000000 
0.37497329872893459000000000000000 
1.34852708705919700000000000000000 
1.27282199847675700000000000000000 
0.73063259795977364000000000000000 
0.24485607620405736000000000000000 
0.71282345646861356000000000000000 
0.54075337301360193000000000000000 
1.17524227372576820000000000000000 
0.54156267826726157000000000000000 
0.80542070441927538000000000000000 
0.11948640874323356000000000000000 
0.32324393043224736000000000000000 
0.11370713453200756000000000000000 
0.30026707573290667000000000000000 
0.21976425039529729000000000000000 
0.83054920367868168000000000000000 
0.05980950361359179500000000000000 
1.13937717919180880000000000000000 
1.38703102701564300000000000000000 
0.61372391910345525000000000000000 
0.63847025699098425000000000000000 
0.87916581212869116000000000000000 
2.61491469868745210000000000000000 
0.37375759499294364000000000000000 
0.29849375468462580000000000000000 
2.87705660109797500000000000000000 
0.60527071052742398000000000000000 
0.28092625846009911000000000000000 
0.57272825527240756000000000000000 
0.25657300562788932000000000000000 
0.26817953837694369000000000000000 
1.71869140381048640000000000000000 
1.08940798556174840000000000000000 
1.65953368921707760000000000000000 
0.07665685838584880600000000000000 
0.36536924647026769000000000000000 
0.74403502168993041000000000000000 
2.27381134189290530000000000000000 
0.03092043768265707500000000000000 
0.08190026955558771200000000000000 
0.53443486318331368000000000000000 
1.12490170886323200000000000000000 
1.96570674025821980000000000000000 
1.41973700383433310000000000000000 
0.80658875512060002000000000000000 
2.20731765656808990000000000000000 
1.19572810778547510000000000000000 
3.00501060697093480000000000000000 
0.76248071657891825000000000000000 
2.77129514460817860000000000000000 
0.74050820244672722000000000000000 
1.48692090404878870000000000000000 
2.52452575374440970000000000000000 
3.14840383875254170000000000000000 
0.32736330869522390000000000000000 
3.75028360333836150000000000000000 
3.13017806557077400000000000000000 
1.96431687044121240000000000000000 
1.75879905325102870000000000000000 
1.80287966308103260000000000000000 
1.23619978557440180000000000000000 
2.05195769096869270000000000000000 
2.06109111757825450000000000000000 
3.29933668618743650000000000000000 
3.20734743462715690000000000000000 
