1.73080021047081760000000000000000 
1.03331714888363950000000000000000 
2.25058007886651800000000000000000 
1.50138805400975170000000000000000 
1.00425950713870390000000000000000 
2.73234011717925100000000000000000 
2.59034961086822560000000000000000 
1.65350130771450930000000000000000 
1.90150278184003430000000000000000 
1.82273130778988370000000000000000 
0.65564970833505287000000000000000 
0.96645622965554556000000000000000 
1.53582265800546970000000000000000 
0.76416250760126170000000000000000 
2.84576692435529300000000000000000 
0.66739301580551380000000000000000 
0.78707626275231624000000000000000 
0.60465794373653836000000000000000 
0.81989255849482678000000000000000 
1.59537261345067450000000000000000 
1.15824098867446650000000000000000 
3.49542587577809090000000000000000 
1.65586201409097920000000000000000 
0.72329179677388167000000000000000 
3.60072590472596810000000000000000 
3.96401111056981570000000000000000 
1.80539383680652520000000000000000 
0.46476433602024986000000000000000 
1.09741016118973820000000000000000 
1.76705307356076210000000000000000 
2.61476382169514250000000000000000 
1.17163464393254180000000000000000 
2.73823868745261570000000000000000 
3.28375352684888000000000000000000 
1.04064009791586940000000000000000 
0.56004064257258845000000000000000 
1.43805812410677450000000000000000 
1.57019156652931180000000000000000 
2.12289292160134040000000000000000 
2.58235290358298020000000000000000 
0.44172401322299004000000000000000 
1.37715256882583080000000000000000 
4.26816945413985850000000000000000 
0.15810360747307231000000000000000 
5.10262681204244290000000000000000 
4.07270265722248400000000000000000 
2.76544073277084790000000000000000 
3.32263867540019180000000000000000 
1.38261013813381360000000000000000 
2.71194387204526870000000000000000 
5.77243321047311400000000000000000 
3.32280304231724700000000000000000 
3.20991153323862390000000000000000 
1.44552926544807560000000000000000 
3.09139234574880370000000000000000 
3.99645132554089950000000000000000 
4.40337459088973220000000000000000 
2.59559333183593830000000000000000 
2.43981900636608100000000000000000 
6.63555772277368930000000000000000 
0.25628091066989095000000000000000 
6.07564080612678390000000000000000 
6.33354349803548280000000000000000 
5.57640940510102730000000000000000 
0.69797053730705072000000000000000 
1.86851117363993270000000000000000 
2.41362223436714760000000000000000 
4.93239952098029380000000000000000 
0.99859085534663883000000000000000 
5.31273187014389330000000000000000 
0.79179683951086022000000000000000 
4.87926139059969180000000000000000 
3.70971819805103650000000000000000 
5.87936982642950400000000000000000 
5.42216433286326090000000000000000 
6.88225628770810790000000000000000 
6.81018882613141410000000000000000 
2.56252179168133100000000000000000 
5.37258616828074940000000000000000 
1.52415895604799690000000000000000 
0.23569199861156859000000000000000 
5.74803185709359980000000000000000 
3.86449515833173820000000000000000 
3.70880480718008390000000000000000 
6.98711610787513580000000000000000 
4.70432305368765390000000000000000 
4.75616266578813910000000000000000 
6.60270817903728080000000000000000 
6.17066075879281770000000000000000 
4.40321869249898960000000000000000 
1.39114253819839660000000000000000 
1.81662033347110600000000000000000 
6.67891573757592030000000000000000 
0.21484970322642008000000000000000 
3.64885589497867540000000000000000 
1.24267593307033120000000000000000 
7.19210861184461340000000000000000 
5.19865133355253930000000000000000 
3.62190752274658490000000000000000 
3.38091570301085740000000000000000 
0.42412932831646899000000000000000 
4.80703775031648650000000000000000 
0.29621799994894610000000000000000 
0.49378960247427789000000000000000 
3.56793781153204570000000000000000 
0.65449531106166248000000000000000 
5.47427146692729490000000000000000 
5.40758754927868160000000000000000 
4.72217910862000780000000000000000 
0.96772486250021672000000000000000 
4.20638626249161260000000000000000 
3.26511830645105050000000000000000 
6.04636595412142340000000000000000 
3.97957456476251180000000000000000 
4.84127516664648370000000000000000 
2.70731594908152530000000000000000 
2.54354312885810740000000000000000 
4.78597867856697600000000000000000 
0.47706818217643815000000000000000 
0.75002342394369614000000000000000 
0.96209879756984673000000000000000 
2.13680773178946250000000000000000 
4.47553952009040130000000000000000 
4.25873736878295970000000000000000 
0.31562957808673364000000000000000 
2.05157142762254500000000000000000 
2.66497301654040260000000000000000 
2.07498202028649860000000000000000 
3.21823606378068040000000000000000 
3.02763485662018090000000000000000 
1.38516468426720030000000000000000 
2.01475159375091420000000000000000 
0.07111734839984675000000000000000 
4.44546492520102630000000000000000 
0.74287140316966960000000000000000 
0.46429659548735208000000000000000 
1.60122382877306580000000000000000 
0.83785259475394125000000000000000 
2.03686057661233820000000000000000 
1.38887442782266590000000000000000 
3.82896995352532830000000000000000 
3.64195847776954770000000000000000 
0.20501485215141460000000000000000 
2.82429559080312530000000000000000 
1.01310968246710150000000000000000 
1.56552538780088550000000000000000 
1.99502686679012140000000000000000 
3.37636625882213260000000000000000 
1.47151936989180340000000000000000 
3.40595331308642410000000000000000 
1.02731090556275810000000000000000 
2.35011269896416100000000000000000 
2.19709313356689200000000000000000 
1.74864993080015910000000000000000 
2.22745225011477110000000000000000 
2.09217537476050900000000000000000 
0.55008973976187558000000000000000 
0.38893709624914757000000000000000 
2.98655998237310440000000000000000 
0.50332164487842179000000000000000 
0.09435476701737813300000000000000 
1.59833795713341180000000000000000 
2.47168464633036630000000000000000 
1.84583629948303860000000000000000 
0.51699188320709566000000000000000 
0.98578407984476857000000000000000 
1.21181058884091430000000000000000 
2.54160452883884340000000000000000 
0.39865597552365700000000000000000 
2.14682929855279610000000000000000 
1.59298831667718940000000000000000 
0.91534928677608696000000000000000 
0.45734700176208476000000000000000 
1.01022020427321180000000000000000 
1.11980085530099620000000000000000 
0.27596250357394736000000000000000 
1.32851477384812600000000000000000 
0.50210131477374620000000000000000 
0.84106204441809229000000000000000 
1.25591388042772920000000000000000 
0.00000267221684344287610000000000 
0.00000303687253886232210000000000 
0.00000635787327222739890000000000 
0.00000269334669004369020000000000 
0.00000824831531071183900000000000 
0.00000969009634002795430000000000 
0.00000709753845320511400000000000 
0.00000329445589775656680000000000 
0.00000551592926228105280000000000 
0.00000100334887741996730000000000 
0.00000831893511749557390000000000 
0.00000796099561506659160000000000 
0.00000729752400972992660000000000 
0.00000229435527010896540000000000 
0.00000515790430653528710000000000 
0.00000019267934717020533000000000 
0.00000358985057338931990000000000 
0.00000260386886645589910000000000 
0.00000132638150184906860000000000 
0.00000144851728682574570000000000 
