0.36619302875606191000000000000000 
0.49180719326005495000000000000000 
0.30763739878351232000000000000000 
0.39977803459842598000000000000000 
0.49893738632060064000000000000000 
0.26792842254573490000000000000000 
0.27852440803339429000000000000000 
0.37686056422610598000000000000000 
0.34464898888217987000000000000000 
0.35426680436791941000000000000000 
0.60399249609726668000000000000000 
0.50852898982407813000000000000000 
0.39434934333560284000000000000000 
0.56684120407915461000000000000000 
0.26002615854512312000000000000000 
0.59973862821831614000000000000000 
0.55957320951702283000000000000000 
0.62318577233440953000000000000000 
0.54948298751606917000000000000000 
0.38530112971734382000000000000000 
0.46334028741348904000000000000000 
0.22244833473689854000000000000000 
0.37652558555165361000000000000000 
0.58028477932296052000000000000000 
0.21735700424421672000000000000000 
0.20144999229971719000000000000000 
0.35645619052843358000000000000000 
0.68270367827017830000000000000000 
0.47677846636957194000000000000000 
0.36139530880524717000000000000000 
0.27664324678646646000000000000000 
0.46048261515534344000000000000000 
0.26750565804064258000000000000000 
0.23344013462315089000000000000000 
0.49004231614448435000000000000000 
0.64100894086384053000000000000000 
0.41016249371264174000000000000000 
0.38907605682885410000000000000000 
0.32021591040887348000000000000000 
0.27914614414448807000000000000000 
0.69361402794733851000000000000000 
0.42067135829398594000000000000000 
0.18981925481044942000000000000000 
0.86348060186251641000000000000000 
0.16386386236606812000000000000000 
0.19713357308183754000000000000000 
0.26557316154173993000000000000000 
0.23134017786194436000000000000000 
0.41970777509712648000000000000000 
0.26940062524409975000000000000000 
0.14765741778797714000000000000000 
0.23133138156207739000000000000000 
0.23753468264230115000000000000000 
0.40890943900308535000000000000000 
0.24441557188692953000000000000000 
0.20014204779464018000000000000000 
0.18506953074954918000000000000000 
0.27811821519020119000000000000000 
0.29071297011537461000000000000000 
0.13096620264128400000000000000000 
0.79600031450511066000000000000000 
0.14132995546270549000000000000000 
0.13635972845431149000000000000000 
0.15205865973373625000000000000000 
0.58893836967629676000000000000000 
0.34861290037475173000000000000000 
0.29294395552394514000000000000000 
0.16856585542889330000000000000000 
0.50035253454942796000000000000000 
0.15841002288240794000000000000000 
0.55809898641912359000000000000000 
0.17008939279326699000000000000000 
0.21232692869263758000000000000000 
0.14536215165495980000000000000000 
0.15571074612383198000000000000000 
0.12686722728864300000000000000000 
0.12803787747796688000000000000000 
0.28070003735417159000000000000000 
0.15692216214783464000000000000000 
0.39617156344451110000000000000000 
0.80926315062621290000000000000000 
0.14819135729906044000000000000000 
0.20557117798487981000000000000000 
0.21236811482930429000000000000000 
0.12520163554577854000000000000000 
0.17530563935251414000000000000000 
0.17372684860758345000000000000000 
0.13153207731388009000000000000000 
0.13945716212746204000000000000000 
0.18507487053749064000000000000000 
0.41821011672246394000000000000000 
0.35503542600916838000000000000000 
0.13022671874189362000000000000000 
0.82314709164778299000000000000000 
0.21510668917058076000000000000000 
0.44589589840158128000000000000000 
0.12206869407885333000000000000000 
0.16132541518944979000000000000000 
0.21636088456519928000000000000000 
0.22826278061290550000000000000000 
0.70218341839933007000000000000000 
0.17220483885187410000000000000000 
0.77147516855913656000000000000000 
0.66943831871879655000000000000000 
0.21891716596391422000000000000000 
0.60441392206685463000000000000000 
0.15445753319247246000000000000000 
0.15606497645320080000000000000000 
0.17475859825736309000000000000000 
0.50820113068520523000000000000000 
0.19207180366241813000000000000000 
0.23446008484395056000000000000000 
0.14191712529706174000000000000000 
0.20082036868699696000000000000000 
0.17119549609817591000000000000000 
0.26973692389172998000000000000000 
0.28220342285554345000000000000000 
0.17283160819522270000000000000000 
0.67701681754901433000000000000000 
0.57142092289627155000000000000000 
0.50965833180191933000000000000000 
0.31879543966487467000000000000000 
0.18263040497304089000000000000000 
0.19015971513166324000000000000000 
0.76009236692159143000000000000000 
0.32770001414618438000000000000000 
0.27285330491845272000000000000000 
0.32520515352698848000000000000000 
0.23706591686187650000000000000000 
0.24828467217089220000000000000000 
0.41925826195403038000000000000000 
0.33170228753600661000000000000000 
0.93360452194515398000000000000000 
0.18363904895835570000000000000000 
0.57376579716745135000000000000000 
0.68292175443266434000000000000000 
0.38443443003198835000000000000000 
0.54411327810209054000000000000000 
0.32928742521183318000000000000000 
0.41860718518865297000000000000000 
0.20708350013028401000000000000000 
0.21542631300754292000000000000000 
0.82986529021996347000000000000000 
0.26148606357857235000000000000000 
0.49674392245457899000000000000000 
0.38978370853588745000000000000000 
0.33388682121297164000000000000000 
0.22850007080283605000000000000000 
0.40460941240520298000000000000000 
0.22696563693260918000000000000000 
0.49326425328058476000000000000000 
0.29849742079100661000000000000000 
0.31278413177921183000000000000000 
0.36381497286884046000000000000000 
0.30984191941629474000000000000000 
0.32339692249099894000000000000000 
0.64512393982661920000000000000000 
0.71997501017182131000000000000000 
0.25084283302435695000000000000000 
0.66519364196400765000000000000000 
0.91378045779931272000000000000000 
0.38486140621339315000000000000000 
0.28804459559914758000000000000000 
0.35139055615449677000000000000000 
0.65919930822957651000000000000000 
0.50357942243054510000000000000000 
0.45211828040123625000000000000000 
0.28235789508882908000000000000000 
0.71497210000164613000000000000000 
0.31778018606217145000000000000000 
0.38565542064665370000000000000000 
0.52209798333086210000000000000000 
0.68617837672901216000000000000000 
0.49745793912241892000000000000000 
0.47174242688849538000000000000000 
0.78372208995093395000000000000000 
0.42945830158826531000000000000000 
0.66573405546258024000000000000000 
0.54316474723483410000000000000000 
0.44327933290183774000000000000000 
0.99999732779029737000000000000000 
0.99999696313668374000000000000000 
0.99999364216715003000000000000000 
0.99999730666056397000000000000000 
0.99999175175272337000000000000000 
0.99999030999755711000000000000000 
0.99999290251192152000000000000000 
0.99999670555495557000000000000000 
0.99999448410116309000000000000000 
0.99999899665212943000000000000000 
0.99999168113408665000000000000000 
0.99999203906776180000000000000000 
0.99999270252924377000000000000000 
0.99999770564999380000000000000000 
0.99999484212229728000000000000000 
0.99999980732068994000000000000000 
0.99999641016231355000000000000000 
0.99999739613791361000000000000000 
0.99999867362025752000000000000000 
0.99999855148481143000000000000000 
