177609.00000000000000000000000000000000 
175236.00000000000000000000000000000000 
172881.00000000000000000000000000000000 
170544.00000000000000000000000000000000 
168225.00000000000000000000000000000000 
165924.00000000000000000000000000000000 
163641.00000000000000000000000000000000 
161376.00000000000000000000000000000000 
159129.00000000000000000000000000000000 
156900.00000000000000000000000000000000 
154689.00000000000000000000000000000000 
152496.00000000000000000000000000000000 
150321.00000000000000000000000000000000 
148164.00000000000000000000000000000000 
146025.00000000000000000000000000000000 
143904.00000000000000000000000000000000 
141801.00000000000000000000000000000000 
139716.00000000000000000000000000000000 
137649.00000000000000000000000000000000 
135600.00000000000000000000000000000000 
133569.00000000000000000000000000000000 
131556.00000000000000000000000000000000 
129561.00000000000000000000000000000000 
127584.00000000000000000000000000000000 
125625.00000000000000000000000000000000 
123684.00000000000000000000000000000000 
121761.00000000000000000000000000000000 
119856.00000000000000000000000000000000 
117969.00000000000000000000000000000000 
116100.00000000000000000000000000000000 
114249.00000000000000000000000000000000 
112416.00000000000000000000000000000000 
110601.00000000000000000000000000000000 
108804.00000000000000000000000000000000 
107025.00000000000000000000000000000000 
105264.00000000000000000000000000000000 
103521.00000000000000000000000000000000 
101796.00000000000000000000000000000000 
100089.00000000000000000000000000000000 
98400.00000000000000000000000000000000 
96729.00000000000000000000000000000000 
95076.00000000000000000000000000000000 
93441.00000000000000000000000000000000 
91824.00000000000000000000000000000000 
90225.00000000000000000000000000000000 
88644.00000000000000000000000000000000 
87081.00000000000000000000000000000000 
85536.00000000000000000000000000000000 
84009.00000000000000000000000000000000 
82500.00000000000000000000000000000000 
81009.00000000000000000000000000000000 
79536.00000000000000000000000000000000 
78081.00000000000000000000000000000000 
76644.00000000000000000000000000000000 
75225.00000000000000000000000000000000 
73824.00000000000000000000000000000000 
72441.00000000000000000000000000000000 
71076.00000000000000000000000000000000 
69729.00000000000000000000000000000000 
68400.00000000000000000000000000000000 
67089.00000000000000000000000000000000 
65796.00000000000000000000000000000000 
64521.00000000000000000000000000000000 
63264.00000000000000000000000000000000 
62025.00000000000000000000000000000000 
60804.00000000000000000000000000000000 
59601.00000000000000000000000000000000 
58416.00000000000000000000000000000000 
57249.00000000000000000000000000000000 
56100.00000000000000000000000000000000 
54969.00000000000000000000000000000000 
53856.00000000000000000000000000000000 
52761.00000000000000000000000000000000 
51684.00000000000000000000000000000000 
50625.00000000000000000000000000000000 
49584.00000000000000000000000000000000 
48561.00000000000000000000000000000000 
47556.00000000000000000000000000000000 
46569.00000000000000000000000000000000 
45600.00000000000000000000000000000000 
44649.00000000000000000000000000000000 
43716.00000000000000000000000000000000 
42801.00000000000000000000000000000000 
41904.00000000000000000000000000000000 
41025.00000000000000000000000000000000 
40164.00000000000000000000000000000000 
39321.00000000000000000000000000000000 
38496.00000000000000000000000000000000 
37689.00000000000000000000000000000000 
36900.00000000000000000000000000000000 
36129.00000000000000000000000000000000 
35376.00000000000000000000000000000000 
34641.00000000000000000000000000000000 
33924.00000000000000000000000000000000 
33225.00000000000000000000000000000000 
32544.00000000000000000000000000000000 
31881.00000000000000000000000000000000 
31236.00000000000000000000000000000000 
30609.00000000000000000000000000000000 
30000.00000000000000000000000000000000 
29409.00000000000000000000000000000000 
28836.00000000000000000000000000000000 
28281.00000000000000000000000000000000 
27744.00000000000000000000000000000000 
27225.00000000000000000000000000000000 
26724.00000000000000000000000000000000 
26241.00000000000000000000000000000000 
25776.00000000000000000000000000000000 
25329.00000000000000000000000000000000 
24900.00000000000000000000000000000000 
24489.00000000000000000000000000000000 
24096.00000000000000000000000000000000 
23721.00000000000000000000000000000000 
23364.00000000000000000000000000000000 
23025.00000000000000000000000000000000 
22704.00000000000000000000000000000000 
22401.00000000000000000000000000000000 
22116.00000000000000000000000000000000 
21849.00000000000000000000000000000000 
21600.00000000000000000000000000000000 
21369.00000000000000000000000000000000 
21156.00000000000000000000000000000000 
20961.00000000000000000000000000000000 
20784.00000000000000000000000000000000 
20625.00000000000000000000000000000000 
20484.00000000000000000000000000000000 
20361.00000000000000000000000000000000 
20256.00000000000000000000000000000000 
20169.00000000000000000000000000000000 
20100.00000000000000000000000000000000 
20049.00000000000000000000000000000000 
20016.00000000000000000000000000000000 
20001.00000000000000000000000000000000 
20004.00000000000000000000000000000000 
20025.00000000000000000000000000000000 
20064.00000000000000000000000000000000 
20121.00000000000000000000000000000000 
20196.00000000000000000000000000000000 
20289.00000000000000000000000000000000 
20400.00000000000000000000000000000000 
20529.00000000000000000000000000000000 
20676.00000000000000000000000000000000 
20841.00000000000000000000000000000000 
21024.00000000000000000000000000000000 
21225.00000000000000000000000000000000 
21444.00000000000000000000000000000000 
21681.00000000000000000000000000000000 
21936.00000000000000000000000000000000 
22209.00000000000000000000000000000000 
22500.00000000000000000000000000000000 
22809.00000000000000000000000000000000 
23136.00000000000000000000000000000000 
23481.00000000000000000000000000000000 
23844.00000000000000000000000000000000 
24225.00000000000000000000000000000000 
24624.00000000000000000000000000000000 
25041.00000000000000000000000000000000 
25476.00000000000000000000000000000000 
25929.00000000000000000000000000000000 
26400.00000000000000000000000000000000 
26889.00000000000000000000000000000000 
27396.00000000000000000000000000000000 
27921.00000000000000000000000000000000 
28464.00000000000000000000000000000000 
29025.00000000000000000000000000000000 
29604.00000000000000000000000000000000 
30201.00000000000000000000000000000000 
30816.00000000000000000000000000000000 
31449.00000000000000000000000000000000 
32100.00000000000000000000000000000000 
32769.00000000000000000000000000000000 
33456.00000000000000000000000000000000 
34161.00000000000000000000000000000000 
34884.00000000000000000000000000000000 
35625.00000000000000000000000000000000 
36384.00000000000000000000000000000000 
37161.00000000000000000000000000000000 
37956.00000000000000000000000000000000 
38769.00000000000000000000000000000000 
39600.00000000000000000000000000000000 
40449.00000000000000000000000000000000 
41316.00000000000000000000000000000000 
42201.00000000000000000000000000000000 
43104.00000000000000000000000000000000 
44025.00000000000000000000000000000000 
44964.00000000000000000000000000000000 
45921.00000000000000000000000000000000 
46896.00000000000000000000000000000000 
47889.00000000000000000000000000000000 
48900.00000000000000000000000000000000 
49929.00000000000000000000000000000000 
50976.00000000000000000000000000000000 
52041.00000000000000000000000000000000 
53124.00000000000000000000000000000000 
54225.00000000000000000000000000000000 
55344.00000000000000000000000000000000 
56481.00000000000000000000000000000000 
57636.00000000000000000000000000000000 
58809.00000000000000000000000000000000 
60000.00000000000000000000000000000000 
