0.00004564334291843534300000000000 
0.00004686914135733033600000000000 
0.00004812087964967999400000000000 
0.00004939735230191661800000000000 
0.00005069708491761723500000000000 
0.00005201831044527674000000000000 
0.00005335894562723440700000000000 
0.00005471656817684394800000000000 
0.00005608839531101015200000000000 
0.00005747126436781609000000000000 
0.00005886161633998469600000000000 
0.00006025548324897565800000000000 
0.00006164848036495900900000000000 
0.00006303580433686334400000000000 
0.00006441223832528179700000000000 
0.00006577216521967903600000000000 
0.00006710958996040534100000000000 
0.00006841817186644773100000000000 
0.00006969126768415917500000000000 
0.00007092198581560283600000000000 
0.00007210325185665873500000000000 
0.00007322788517867604000000000000 
0.00007428868583314761500000000000 
0.00007527853056308341000000000000 
0.00007619047619047618400000000000 
0.00007701786814540973900000000000 
0.00007775445144234506900000000000 
0.00007839448102853558900000000000 
0.00007893282816323308200000000000 
0.00007936507936507936500000000000 
0.00007968762451191330400000000000 
0.00007989773090444231400000000000 
0.00007999360051195903900000000000 
0.00007997440818937939600000000000 
0.00007984031936127744900000000000 
0.00007959248646927730200000000000 
0.00007923302432453846900000000000 
0.00007876496534341525100000000000 
0.00007819219641879740500000000000 
0.00007751937984496124500000000000 
0.00007675186123263488800000000000 
0.00007589556769884639200000000000 
0.00007495689978262498700000000000 
0.00007394262052647145200000000000 
0.00007285974499089253200000000000 
0.00007171543316121628700000000000 
0.00007051688879486637300000000000 
0.00006927126627874758100000000000 
0.00006798558705554422600000000000 
0.00006666666666666667000000000000 
0.00006532105297537395900000000000 
0.00006395497569710923900000000000 
0.00006257430698955008700000000000 
0.00006118453255017132200000000000 
0.00005979073243647234800000000000 
0.00005839757066106049700000000000 
0.00005700929251467989300000000000 
0.00005562972852692478700000000000 
0.00005426230397742687800000000000 
0.00005291005291005291200000000000 
0.00005157563566970963300000000000 
0.00005026135906714917500000000000 
0.00004896919837422261200000000000 
0.00004770082045411180900000000000 
0.00004645760743321718900000000000 
0.00004524068041983351400000000000 
0.00004405092286683405900000000000 
0.00004288900325956424500000000000 
0.00004175539688504739200000000000 
0.00004065040650406504100000000000 
0.00003957418180379121000000000000 
0.00003852673755586377200000000000 
0.00003750797044371929200000000000 
0.00003651767455448436900000000000 
0.00003555555555555555300000000000 
0.00003462124359506993700000000000 
0.00003371430497960284700000000000 
0.00003283425269240872300000000000 
0.00003198055582206018700000000000 
0.00003115264797507788000000000000 
0.00003034993474764029400000000000 
0.00002957180033120416400000000000 
0.00002881761332526440100000000000 
0.00002808673182788450900000000000 
0.00002737850787132101200000000000 
0.00002669229126628229700000000000 
0.00002602743291429166500000000000 
0.00002538328764341557400000000000 
0.00002475921661838619400000000000 
0.00002415458937198067600000000000 
0.00002356878550048315800000000000 
0.00002300119606219523600000000000 
0.00002245122471430816500000000000 
0.00002191828862002455000000000000 
0.00002140181915462814200000000000 
0.00002090126243625114800000000000 
0.00002041607970437516500000000000 
0.00001994574756661879700000000000 
0.00001948975813210158100000000000 
0.00001904761904761904600000000000 
0.00001861885345100448900000000000 
0.00001820299985437600000000000000 
0.00001779961196845908600000000000 
0.00001740825847782187900000000000 
0.00001702852277564921300000000000 
0.00001666000266560042600000000000 
0.00001630231003733229200000000000 
0.00001595507052141170400000000000 
0.00001561792312858236100000000000 
0.00001529051987767584200000000000 
0.00001497252541586189400000000000 
0.00001466361663440671000000000000 
0.00001436348228264460400000000000 
0.00001407182258246088000000000000 
0.00001378834884522578500000000000 
0.00001351278309280579400000000000 
0.00001324485768400418500000000000 
0.00001298431494754336800000000000 
0.00001273090682249296600000000000 
0.00001248439450686641700000000000 
0.00001224454811495181800000000000 
0.00001201114634380705300000000000 
0.00001178397614923227400000000000 
0.00001156283243143240400000000000 
0.00001134751773049645400000000000 
0.00001113784193174730500000000000 
0.00001093362198095363100000000000 
0.00001073468160934346600000000000 
0.00001054085106831525600000000000 
0.00001035196687370600300000000000 
0.00001016787155944646100000000000 
0.00000998841344040912580000000000 
0.00000981344638423567890000000000 
0.00000964282959191545090000000000 
0.00000947642738687514810000000000 
0.00000931410901233188060000000000 
0.00000915574843665595440000000000 
0.00000900122416648664170000000000 
0.00000885041906734283890000000000 
0.00000870322019147084360000000000 
0.00000855951861267322280000000000 
0.00000841920926786556230000000000 
0.00000828219080511176820000000000 
0.00000814836543789315950000000000 
0.00000801763880537181800000000000 
0.00000788991983841444200000000000 
0.00000776512063114900530000000000 
0.00000764315631783301260000000000 
0.00000752394495481871020000000000 
0.00000740740740740740750000000000 
0.00000729346724139188550000000000 
0.00000718205061909276360000000000 
0.00000707308619970151580000000000 
0.00000696650504374965200000000000 
0.00000686224052153027990000000000 
0.00000676022822530488640000000000 
0.00000666040588513464000000000000 
0.00000656271328818186620000000000 
0.00000646709220133351440000000000 
0.00000637348629700446110000000000 
0.00000628184108198430820000000000 
0.00000619210382919700780000000000 
0.00000610422351224812440000000000 
0.00000601815074263980180000000000 
0.00000593383770953864450000000000 
0.00000585123812198661260000000000 
0.00000577030715344977840000000000 
0.00000569100138860433910000000000 
0.00000561327877226366670000000000 
0.00000553709856035437460000000000 
0.00000546242127285340480000000000 
0.00000538920864860203890000000000 
0.00000531742360191639950000000000 
0.00000524703018091760070000000000 
0.00000517799352750809030000000000 
0.00000511027983892397990000000000 
0.00000504385633079627350000000000 
0.00000497869120165690880000000000 
0.00000491475359882832240000000000 
0.00000485201358563804020000000000 
0.00000479044210990232310000000000 
0.00000473001097362545880000000000 
0.00000467069280386359700000000000 
0.00000461246102470434130000000000 
0.00000455528983031545370000000000 
0.00000449915415901810480000000000 
0.00000444402966834206560000000000 
0.00000438989271102214270000000000 
0.00000433672031189692490000000000 
0.00000428449014567266480000000000 
0.00000423318051551672330000000000 
0.00000418277033244658580000000000 
0.00000413323909548195640000000000 
0.00000408456687252883730000000000 
0.00000403673428196588940000000000 
0.00000398972247490464570000000000 
0.00000394351311809638720000000000 
0.00000389808837745969380000000000 
0.00000385343090220377740000000000 
0.00000380952380952380940000000000 
