73509.00000000000000000000000000000000 
72036.00000000000000000000000000000000 
70581.00000000000000000000000000000000 
69144.00000000000000000000000000000000 
67725.00000000000000000000000000000000 
66324.00000000000000000000000000000000 
64941.00000000000000000000000000000000 
63576.00000000000000000000000000000000 
62229.00000000000000000000000000000000 
60900.00000000000000000000000000000000 
59589.00000000000000000000000000000000 
58296.00000000000000000000000000000000 
57021.00000000000000000000000000000000 
55764.00000000000000000000000000000000 
54525.00000000000000000000000000000000 
53304.00000000000000000000000000000000 
52101.00000000000000000000000000000000 
50916.00000000000000000000000000000000 
49749.00000000000000000000000000000000 
48600.00000000000000000000000000000000 
47469.00000000000000000000000000000000 
46356.00000000000000000000000000000000 
45261.00000000000000000000000000000000 
44184.00000000000000000000000000000000 
43125.00000000000000000000000000000000 
42084.00000000000000000000000000000000 
41061.00000000000000000000000000000000 
40056.00000000000000000000000000000000 
39069.00000000000000000000000000000000 
38100.00000000000000000000000000000000 
37149.00000000000000000000000000000000 
36216.00000000000000000000000000000000 
35301.00000000000000000000000000000000 
34404.00000000000000000000000000000000 
33525.00000000000000000000000000000000 
32664.00000000000000000000000000000000 
31821.00000000000000000000000000000000 
30996.00000000000000000000000000000000 
30189.00000000000000000000000000000000 
29400.00000000000000000000000000000000 
28629.00000000000000000000000000000000 
27876.00000000000000000000000000000000 
27141.00000000000000000000000000000000 
26424.00000000000000000000000000000000 
25725.00000000000000000000000000000000 
25044.00000000000000000000000000000000 
24381.00000000000000000000000000000000 
23736.00000000000000000000000000000000 
23109.00000000000000000000000000000000 
22500.00000000000000000000000000000000 
21909.00000000000000000000000000000000 
21336.00000000000000000000000000000000 
20781.00000000000000000000000000000000 
20244.00000000000000000000000000000000 
19725.00000000000000000000000000000000 
19224.00000000000000000000000000000000 
18741.00000000000000000000000000000000 
18276.00000000000000000000000000000000 
17829.00000000000000000000000000000000 
17400.00000000000000000000000000000000 
16989.00000000000000000000000000000000 
16596.00000000000000000000000000000000 
16221.00000000000000000000000000000000 
15864.00000000000000000000000000000000 
15525.00000000000000000000000000000000 
15204.00000000000000000000000000000000 
14901.00000000000000000000000000000000 
14616.00000000000000000000000000000000 
14349.00000000000000000000000000000000 
14100.00000000000000000000000000000000 
13869.00000000000000000000000000000000 
13656.00000000000000000000000000000000 
13461.00000000000000000000000000000000 
13284.00000000000000000000000000000000 
13125.00000000000000000000000000000000 
12984.00000000000000000000000000000000 
12861.00000000000000000000000000000000 
12756.00000000000000000000000000000000 
12669.00000000000000000000000000000000 
12600.00000000000000000000000000000000 
12549.00000000000000000000000000000000 
12516.00000000000000000000000000000000 
12501.00000000000000000000000000000000 
12504.00000000000000000000000000000000 
12525.00000000000000000000000000000000 
12564.00000000000000000000000000000000 
12621.00000000000000000000000000000000 
12696.00000000000000000000000000000000 
12789.00000000000000000000000000000000 
12900.00000000000000000000000000000000 
13029.00000000000000000000000000000000 
13176.00000000000000000000000000000000 
13341.00000000000000000000000000000000 
13524.00000000000000000000000000000000 
13725.00000000000000000000000000000000 
13944.00000000000000000000000000000000 
14181.00000000000000000000000000000000 
14436.00000000000000000000000000000000 
14709.00000000000000000000000000000000 
15000.00000000000000000000000000000000 
15309.00000000000000000000000000000000 
15636.00000000000000000000000000000000 
15981.00000000000000000000000000000000 
16344.00000000000000000000000000000000 
16725.00000000000000000000000000000000 
17124.00000000000000000000000000000000 
17541.00000000000000000000000000000000 
17976.00000000000000000000000000000000 
18429.00000000000000000000000000000000 
18900.00000000000000000000000000000000 
19389.00000000000000000000000000000000 
19896.00000000000000000000000000000000 
20421.00000000000000000000000000000000 
20964.00000000000000000000000000000000 
21525.00000000000000000000000000000000 
22104.00000000000000000000000000000000 
22701.00000000000000000000000000000000 
23316.00000000000000000000000000000000 
23949.00000000000000000000000000000000 
24600.00000000000000000000000000000000 
25269.00000000000000000000000000000000 
25956.00000000000000000000000000000000 
26661.00000000000000000000000000000000 
27384.00000000000000000000000000000000 
28125.00000000000000000000000000000000 
28884.00000000000000000000000000000000 
29661.00000000000000000000000000000000 
30456.00000000000000000000000000000000 
31269.00000000000000000000000000000000 
32100.00000000000000000000000000000000 
32949.00000000000000000000000000000000 
33816.00000000000000000000000000000000 
34701.00000000000000000000000000000000 
35604.00000000000000000000000000000000 
36525.00000000000000000000000000000000 
37464.00000000000000000000000000000000 
38421.00000000000000000000000000000000 
39396.00000000000000000000000000000000 
40389.00000000000000000000000000000000 
41400.00000000000000000000000000000000 
42429.00000000000000000000000000000000 
43476.00000000000000000000000000000000 
44541.00000000000000000000000000000000 
45624.00000000000000000000000000000000 
46725.00000000000000000000000000000000 
47844.00000000000000000000000000000000 
48981.00000000000000000000000000000000 
50136.00000000000000000000000000000000 
51309.00000000000000000000000000000000 
52500.00000000000000000000000000000000 
53709.00000000000000000000000000000000 
54936.00000000000000000000000000000000 
56181.00000000000000000000000000000000 
57444.00000000000000000000000000000000 
58725.00000000000000000000000000000000 
60024.00000000000000000000000000000000 
61341.00000000000000000000000000000000 
62676.00000000000000000000000000000000 
64029.00000000000000000000000000000000 
65400.00000000000000000000000000000000 
66789.00000000000000000000000000000000 
68196.00000000000000000000000000000000 
69621.00000000000000000000000000000000 
71064.00000000000000000000000000000000 
72525.00000000000000000000000000000000 
74004.00000000000000000000000000000000 
75501.00000000000000000000000000000000 
77016.00000000000000000000000000000000 
78549.00000000000000000000000000000000 
80100.00000000000000000000000000000000 
81669.00000000000000000000000000000000 
83256.00000000000000000000000000000000 
84861.00000000000000000000000000000000 
86484.00000000000000000000000000000000 
88125.00000000000000000000000000000000 
89784.00000000000000000000000000000000 
91461.00000000000000000000000000000000 
93156.00000000000000000000000000000000 
94869.00000000000000000000000000000000 
96600.00000000000000000000000000000000 
98349.00000000000000000000000000000000 
100116.00000000000000000000000000000000 
101901.00000000000000000000000000000000 
103704.00000000000000000000000000000000 
105525.00000000000000000000000000000000 
107364.00000000000000000000000000000000 
109221.00000000000000000000000000000000 
111096.00000000000000000000000000000000 
112989.00000000000000000000000000000000 
114900.00000000000000000000000000000000 
116829.00000000000000000000000000000000 
118776.00000000000000000000000000000000 
120741.00000000000000000000000000000000 
122724.00000000000000000000000000000000 
124725.00000000000000000000000000000000 
126744.00000000000000000000000000000000 
128781.00000000000000000000000000000000 
130836.00000000000000000000000000000000 
132909.00000000000000000000000000000000 
135000.00000000000000000000000000000000 
