2.23402698987463480000000000000000 
0.06011668786969959200000000000000 
0.17135447432958639000000000000000 
1.99385223545227810000000000000000 
4.89725040633118880000000000000000 
2.71384455638314260000000000000000 
4.56193522936924190000000000000000 
1.62079510237737590000000000000000 
1.45258261173202170000000000000000 
4.39486923299666190000000000000000 
3.89572096055891890000000000000000 
1.97206053712968950000000000000000 
4.41162983484403880000000000000000 
2.12834237259491180000000000000000 
2.33188991226035200000000000000000 
2.12465591762437890000000000000000 
2.27605021020551090000000000000000 
3.47712278692463530000000000000000 
0.47789114062697813000000000000000 
3.66730158370088200000000000000000 
0.65008759440507491000000000000000 
2.48264357034231380000000000000000 
1.29829242297590590000000000000000 
2.95833337659485540000000000000000 
1.13809088880104100000000000000000 
4.77558855633512900000000000000000 
0.31504750685011185000000000000000 
0.91623579971946090000000000000000 
3.12120993620316910000000000000000 
1.45702887856855410000000000000000 
0.68593710987364109000000000000000 
0.94466731515681190000000000000000 
4.78308525561472830000000000000000 
1.48306546020662690000000000000000 
1.18601437658653450000000000000000 
3.30078763836655750000000000000000 
0.02147983953806220600000000000000 
0.39084233977934979000000000000000 
1.54792182244240360000000000000000 
1.11985353517707820000000000000000 
3.47644699261583060000000000000000 
3.50115947676434300000000000000000 
4.25907642794634620000000000000000 
2.79529798005172480000000000000000 
2.85166192248968780000000000000000 
2.65460163259390970000000000000000 
4.29443172360506780000000000000000 
2.23172919054724740000000000000000 
1.91690618184480590000000000000000 
2.97679366394073860000000000000000 
1.52519986826065780000000000000000 
0.50553890193737572000000000000000 
1.85969683723583470000000000000000 
1.11077655862883920000000000000000 
3.21613313847876370000000000000000 
3.88328113337333840000000000000000 
2.15017026180683150000000000000000 
3.10530763797466050000000000000000 
1.39537329758947840000000000000000 
2.39023889704791780000000000000000 
1.57370795022565610000000000000000 
4.13584952165631050000000000000000 
3.71580632894760130000000000000000 
0.72155595205171841000000000000000 
0.34132547025438609000000000000000 
2.66068269215877300000000000000000 
3.71977641707169230000000000000000 
4.17866809542183760000000000000000 
3.60331492250371530000000000000000 
4.43811306176334060000000000000000 
0.81426689062148616000000000000000 
1.00619922496719070000000000000000 
4.40980766168078290000000000000000 
2.30979467727731790000000000000000 
0.93524916806911496000000000000000 
3.62441128191954750000000000000000 
4.41776319009239240000000000000000 
3.99005625470708390000000000000000 
4.21486161709193930000000000000000 
2.69023141091291240000000000000000 
1.04794536964423020000000000000000 
2.65222728289682010000000000000000 
4.21651196962879920000000000000000 
1.07670153450328820000000000000000 
3.58362938514473490000000000000000 
4.31334158811329880000000000000000 
2.35632164323267500000000000000000 
2.30252014293425860000000000000000 
4.71264107181463300000000000000000 
3.14171294362930280000000000000000 
4.03193310226259880000000000000000 
2.00770102812584070000000000000000 
1.60697172733162090000000000000000 
1.89403033535817000000000000000000 
3.59484743987667250000000000000000 
0.96532022480949220000000000000000 
2.44993390506110400000000000000000 
0.60385399253936378000000000000000 
0.69959944760226545000000000000000 
4.73597689177369220000000000000000 
3.15471693815641170000000000000000 
2.19327839389592730000000000000000 
3.53880811272049640000000000000000 
2.64823188709244390000000000000000 
3.26213462301487580000000000000000 
3.89092136554136170000000000000000 
3.09008938631591020000000000000000 
2.51043680975196140000000000000000 
2.42686234460247220000000000000000 
0.55074822781701060000000000000000 
4.58274928581909880000000000000000 
2.16309297148945930000000000000000 
2.13499128840098210000000000000000 
0.14643066643024893000000000000000 
2.55213180476634840000000000000000 
4.81851434500899420000000000000000 
1.37675139657337060000000000000000 
3.71705720077392860000000000000000 
0.58401274296890793000000000000000 
3.84665258966072270000000000000000 
3.82859747704912580000000000000000 
2.70383128867143090000000000000000 
0.84659124228434635000000000000000 
4.65060236818365260000000000000000 
1.04104256787599110000000000000000 
0.09880323255237188900000000000000 
3.00805594027684010000000000000000 
3.03685533308800880000000000000000 
2.34427449569399740000000000000000 
2.98156791817106900000000000000000 
3.61729354367328250000000000000000 
2.04055324799947080000000000000000 
2.98806925843572290000000000000000 
2.12854813392486530000000000000000 
0.60920805027426861000000000000000 
1.74976664010505760000000000000000 
2.73372803376008110000000000000000 
0.63549564753553001000000000000000 
0.40748291191909924000000000000000 
1.44728586102373490000000000000000 
3.38408113293169820000000000000000 
2.28521108143462830000000000000000 
2.49607542578358420000000000000000 
0.29239122131642314000000000000000 
0.36803065375301147000000000000000 
1.68938389701051950000000000000000 
1.68035576661856980000000000000000 
4.92479832704878360000000000000000 
3.75831960703102610000000000000000 
3.23265510099917020000000000000000 
4.41432671743775360000000000000000 
2.55944967240477660000000000000000 
1.88101406566365490000000000000000 
4.41881072748612260000000000000000 
1.22880911013905040000000000000000 
0.82001638726610870000000000000000 
3.29301925737491530000000000000000 
1.27809115865596470000000000000000 
0.78801615132521652000000000000000 
1.38302891036898410000000000000000 
1.49354374137198880000000000000000 
0.02952163706012478400000000000000 
1.14325997975992630000000000000000 
3.35058895896056570000000000000000 
4.90832801279935980000000000000000 
1.28074390086184220000000000000000 
3.09586327155237000000000000000000 
4.85914743260619540000000000000000 
2.46085629636176590000000000000000 
1.50513470829108710000000000000000 
2.98548486980935880000000000000000 
2.71691407538377880000000000000000 
0.64885382560463445000000000000000 
2.76109688888714900000000000000000 
0.74532092101645075000000000000000 
1.29274442180908780000000000000000 
2.64355949183867580000000000000000 
4.06688349094114350000000000000000 
3.59267120803451290000000000000000 
2.50409656138248730000000000000000 
4.46990661881411190000000000000000 
4.75358349471520200000000000000000 
2.31177697626348080000000000000000 
1.43798675778710240000000000000000 
4.63183548768908700000000000000000 
2.48164099723512170000000000000000 
4.38665024534321100000000000000000 
1.06618962560229450000000000000000 
0.57200639360831196000000000000000 
0.62157762893305490000000000000000 
2.87051506974983890000000000000000 
2.33186115099883030000000000000000 
1.87019311539623810000000000000000 
3.77307577666142000000000000000000 
2.27801053230254700000000000000000 
3.53014164915997510000000000000000 
4.64753961896965960000000000000000 
4.10232851822156160000000000000000 
0.19923750446233734000000000000000 
4.83094319218526550000000000000000 
