0.00223047542278968260000000000000 
0.00160452722201543610000000000000 
0.00002751545194641845100000000000 
0.00245476285458728950000000000000 
0.00096840325936688859000000000000 
0.00100389757186382180000000000000 
0.00128178573635800750000000000000 
0.00138563276403720060000000000000 
0.00240863143930684920000000000000 
0.00214867126857169140000000000000 
0.00119742989887602710000000000000 
0.00220497295174654820000000000000 
0.00097932886842158943000000000000 
0.00012349065862042732000000000000 
0.00077224130136813640000000000000 
0.00080433032889350522000000000000 
0.00115872210567628180000000000000 
0.00122613613305402190000000000000 
0.00177525405358432860000000000000 
0.00092260844585236273000000000000 
0.00236478885400858610000000000000 
0.00067365660115071223000000000000 
0.00187234896888757050000000000000 
0.00228348892345677610000000000000 
0.00146832959932985240000000000000 
0.00227703333390344260000000000000 
0.00014238143882116115000000000000 
0.00139845885333843400000000000000 
0.00000743860189678956290000000000 
0.00038471112387034224000000000000 
0.00102357184306810840000000000000 
0.00058638951509602224000000000000 
0.00134464740246624810000000000000 
0.00078271934201274449000000000000 
0.00178000912693745830000000000000 
0.00147462941629788640000000000000 
0.00060082123214765209000000000000 
0.00016090873435356748000000000000 
0.00000846303125295692830000000000 
0.00047492951013402738000000000000 
0.00123384788032837260000000000000 
0.00154849974219271770000000000000 
0.00030839940153401513000000000000 
0.00033416011714836139000000000000 
0.00078918656768026834000000000000 
0.00022068216187644865000000000000 
0.00102684242632859160000000000000 
0.00070915353075005623000000000000 
0.00158397142850084700000000000000 
0.00055200064061311103000000000000 
0.00164341113877292370000000000000 
0.00048597069114317157000000000000 
0.00023762457299111381000000000000 
0.00230681634288711640000000000000 
0.00140223446365915580000000000000 
0.00104906744309972300000000000000 
0.00027743109150103209000000000000 
0.00138843120431420240000000000000 
0.00027952415664427954000000000000 
0.00059286160504977599000000000000 
0.00034828340692038309000000000000 
0.00082450159608814895000000000000 
0.00087022321405153078000000000000 
0.00233293132613892390000000000000 
0.00223135055161477380000000000000 
0.00198450202330168260000000000000 
0.00018706102050090409000000000000 
0.00105448311898631790000000000000 
0.00099652653406059866000000000000 
0.00103723487827491170000000000000 
0.00244646220347643620000000000000 
0.00059756563046587101000000000000 
0.00027273155776822442000000000000 
0.00200958225796998370000000000000 
0.00011256410653508543000000000000 
0.00241130124340967890000000000000 
0.00201363934585290990000000000000 
0.00241290780142203220000000000000 
0.00192347370376968830000000000000 
0.00152780989581711930000000000000 
0.00248436015450189710000000000000 
0.00141307702755412200000000000000 
0.00124561447281799560000000000000 
0.00063561097663642104000000000000 
0.00049223230384789346000000000000 
0.00123769317622313610000000000000 
0.00178566056954439830000000000000 
0.00248078597756886670000000000000 
0.00084052656904725503000000000000 
0.00055303003852102441000000000000 
0.00086730509836771075000000000000 
0.00023010452914581380000000000000 
0.00158651015105232300000000000000 
0.00094996583354103837000000000000 
0.00222895492663515490000000000000 
0.00107138850856988490000000000000 
0.00223752313943698530000000000000 
0.00056323920934285511000000000000 
0.00200179655199477680000000000000 
0.00215590501209661760000000000000 
0.00107281729463565770000000000000 
0.00147914863947059970000000000000 
0.00023033870053736275000000000000 
0.00062943578008600634000000000000 
0.00149148634129303610000000000000 
0.00130763624944570520000000000000 
0.00229599992620071330000000000000 
0.00166611604608603190000000000000 
0.00125507045731769510000000000000 
0.00159455215010601160000000000000 
0.00021692773850122163000000000000 
0.00010250304008385949000000000000 
0.00188784284629167670000000000000 
0.00081324010619016030000000000000 
0.00016701696091714739000000000000 
0.00231911649218173760000000000000 
0.00013654752762772051000000000000 
0.00017066405852658148000000000000 
0.00144065325603148840000000000000 
0.00110321693862115130000000000000 
0.00006874718575766047200000000000 
0.00012483900646419137000000000000 
0.00059921768139294259000000000000 
0.00031976642141477019000000000000 
0.00158331439692245580000000000000 
0.00119669829032883340000000000000 
0.00027630046122785630000000000000 
0.00109375497947560560000000000000 
0.00226541638184427510000000000000 
0.00142131079727013130000000000000 
0.00183529378567614700000000000000 
0.00246406028445507380000000000000 
0.00147751387362577480000000000000 
0.00126388439784384300000000000000 
0.00133530299541816000000000000000 
0.00152292462829791100000000000000 
0.00191987771756213600000000000000 
0.00150869921637680300000000000000 
0.00181505353326360110000000000000 
0.00109321051556558050000000000000 
0.00162399644603546260000000000000 
0.00044383888965830563000000000000 
0.00220160843206687870000000000000 
0.00063221697490529962000000000000 
0.00089544771520688683000000000000 
0.00076197014813597088000000000000 
0.00243090230068056770000000000000 
0.00048301456538087800000000000000 
0.00024582431619440877000000000000 
0.00174272151078980500000000000000 
0.00024120258723041825000000000000 
0.00050083593691913758000000000000 
0.00152485314165854130000000000000 
0.00178271332104513120000000000000 
0.00223690397838274350000000000000 
0.00151376705819633370000000000000 
0.00216638497224068460000000000000 
0.00169792772323686140000000000000 
0.00197182709591788710000000000000 
0.00134799926624630530000000000000 
0.00001117145456469839900000000000 
0.00049888861404916564000000000000 
0.00110202658943241140000000000000 
0.00140236422346295880000000000000 
0.00096740155184970905000000000000 
0.00162483539693911270000000000000 
0.00147114685097913480000000000000 
0.00192493650231051490000000000000 
0.00043866257191822332000000000000 
0.00126376692000248690000000000000 
0.00096123598003586340000000000000 
0.00245461105231979370000000000000 
0.00235133573191676150000000000000 
0.00224245383318281020000000000000 
0.00111409611482540610000000000000 
0.00188774944826213620000000000000 
0.00228431743412561530000000000000 
0.00093773199133612498000000000000 
0.00029210883962135325000000000000 
0.00131904434988943480000000000000 
0.00000000428433801061252280000000 
0.00000001066801718277993600000000 
0.00000000233896247092992840000000 
0.00000000262171848415807210000000 
0.00000000666191119483222820000000 
0.00000000105857445015790460000000 
0.00000000302392920127872370000000 
0.00000000796962072265678250000000 
0.00000000139505005762828900000000 
0.00000000762790426362166680000000 
0.00000001117485011410575300000000 
0.00000000616273339246193010000000 
0.00000000393747900597222380000000 
0.00000000957205047574779810000000 
0.00000001198830913878412900000000 
0.00000000811193351038709760000000 
0.00000000609533806156219120000000 
0.00000000550331546922852570000000 
0.00000000234085282962894890000000 
0.00000000556551511652195100000000 
