53.31550978240346700000000000000000 
36.22229614508712100000000000000000 
132.29690628817380000000000000000000 
26.89551816114566300000000000000000 
36.72292371451206300000000000000000 
25.88578384098249100000000000000000 
26.77491953007863800000000000000000 
71.60294195085656100000000000000000 
24.00881075317225600000000000000000 
7.98519307976873980000000000000000 
38.22388553541603800000000000000000 
13.66175341430163900000000000000000 
91.08909264794007800000000000000000 
20.21443570136546700000000000000000 
2017.15850789172210000000000000000000 
35.84866429061023800000000000000000 
6603.70017023639500000000000000000000 
51.71960740650639800000000000000000 
40.66655330973813400000000000000000 
37.03200757896969700000000000000000 
43.90657612791181200000000000000000 
53.57155060115686500000000000000000 
12.46809530083166500000000000000000 
7.46560403780768130000000000000000 
14.62248949133017300000000000000000 
61.75013385023931500000000000000000 
26.34826968383450600000000000000000 
31.89226983206021500000000000000000 
13.38663178030663700000000000000000 
33.01870094916383600000000000000000 
104.96698644322045000000000000000000 
12.40219601419957800000000000000000 
48.61917315426110500000000000000000 
468.71480714501456000000000000000000 
12.13962729790110000000000000000000 
25.18783127330827700000000000000000 
10.25429924714441700000000000000000 
10.96273147458083000000000000000000 
1446.62065858092680000000000000000000 
19.77090634205452000000000000000000 
19.20853968008661300000000000000000 
18.05404719940070300000000000000000 
24.65213316192863100000000000000000 
57.71223156141928700000000000000000 
8.79143042631023520000000000000000 
48.97031318599383800000000000000000 
25.40852901277884600000000000000000 
7.27536749256781420000000000000000 
8.35967734101381770000000000000000 
19.35560035485838200000000000000000 
1.16326368782080310000000000000000 
0.13187406288879974000000000000000 
0.43449427123931905000000000000000 
0.35195313594827338000000000000000 
0.16123671343967896000000000000000 
0.32883476288943642000000000000000 
0.16648721524211538000000000000000 
0.32207796103560365000000000000000 
0.44789238417148375000000000000000 
0.27159550699035800000000000000000 
0.11151755972784846000000000000000 
0.22671457522602881000000000000000 
0.18312646073536049000000000000000 
0.27035918991364305000000000000000 
0.15594821659056984000000000000000 
0.14577831466956781000000000000000 
1.05834916896447440000000000000000 
2.63515547360614870000000000000000 
1.96857671614699110000000000000000 
0.95429511886470775000000000000000 
0.52446616031897209000000000000000 
0.37938957652264305000000000000000 
12.78306817351947300000000000000000 
0.13573176816558108000000000000000 
0.66790242806992461000000000000000 
1.50831003143218050000000000000000 
0.16347704706629695000000000000000 
0.18393402376986309000000000000000 
0.23038564678964460000000000000000 
0.15298973783673156000000000000000 
0.08935799147705636400000000000000 
0.21112157194168962000000000000000 
0.44196832719932067000000000000000 
0.38616154830462907000000000000000 
0.24692520338015961000000000000000 
0.16952730264386695000000000000000 
1.85400526253399110000000000000000 
0.14441839595752162000000000000000 
1.24198658366369700000000000000000 
0.32602197882880823000000000000000 
0.08803328716629073300000000000000 
0.46009277870302306000000000000000 
0.09177855637945016300000000000000 
0.21455259530037854000000000000000 
0.25210844215724265000000000000000 
0.11281676975365511000000000000000 
0.79778426962161608000000000000000 
0.69655467101464019000000000000000 
0.07544729134153307900000000000000 
0.28009201418365381000000000000000 
0.39824658314582589000000000000000 
0.17136009639052754000000000000000 
0.30364638777565844000000000000000 
0.53038795501095126000000000000000 
1.26001627223611830000000000000000 
0.38554786617847459000000000000000 
0.28337470899023925000000000000000 
0.24384809966211962000000000000000 
0.18076571125277199000000000000000 
0.41779732435585865000000000000000 
0.28938392531537577000000000000000 
0.58954826606317512000000000000000 
0.18874907073840269000000000000000 
0.13825271784522178000000000000000 
0.76231055427421379000000000000000 
0.48921519765472893000000000000000 
0.41714392819248547000000000000000 
0.55361711181464901000000000000000 
0.29143029341154353000000000000000 
0.15645693078416034000000000000000 
15.20995123096632500000000000000000 
12.12532008289498400000000000000000 
14.11461611150979300000000000000000 
7.13296475190829770000000000000000 
7.37065213952882740000000000000000 
12.65023459488188200000000000000000 
7.88302835500653120000000000000000 
5.72164802794167040000000000000000 
7.01080533045227570000000000000000 
7.76014733969102990000000000000000 
50.04592423238839400000000000000000 
14.13724274186346400000000000000000 
9.33565271263352340000000000000000 
11.98793203916702100000000000000000 
108.12656650391260000000000000000000 
23.88087606165853300000000000000000 
6.59537212619723870000000000000000 
346.11377575787822000000000000000000 
6.26922774067739220000000000000000 
69.63472435018444200000000000000000 
8.17648659485313980000000000000000 
11.05567189437087400000000000000000 
25.20607103601050600000000000000000 
9.51942376655275880000000000000000 
44.50958479350715900000000000000000 
8.21272905678885760000000000000000 
9.20575126185186400000000000000000 
97.96099823146062100000000000000000 
96.43028449331292500000000000000000 
35.48479666516500000000000000000000 
280.70107440730703000000000000000000 
12.58028282033368200000000000000000 
6.63312928906810130000000000000000 
8.75894587272575900000000000000000 
10.52261761745640600000000000000000 
6.29193059579180950000000000000000 
56.31637172903067100000000000000000 
5.97250752532436560000000000000000 
50.48906890627695500000000000000000 
10.53644457541863300000000000000000 
38.40942890020677700000000000000000 
9.79669204128000710000000000000000 
1184.44412559913940000000000000000000 
7.09146898405619640000000000000000 
6.38071908186969330000000000000000 
5.97325037158003090000000000000000 
5.53647625681356010000000000000000 
10.72773117687738600000000000000000 
19.95528801736806600000000000000000 
54.11380776285003000000000000000000 
10.82629067504033800000000000000000 
9.32194444564040300000000000000000 
7.08293785168541050000000000000000 
65.15739501768045700000000000000000 
8.28783519368950650000000000000000 
10.53449824220721700000000000000000 
31.79598743866462800000000000000000 
5.83747431296473440000000000000000 
9.20589558269287170000000000000000 
12.37277607960147600000000000000000 
5.80571288379008180000000000000000 
8.35914191148653710000000000000000 
12.01665345569082700000000000000000 
6.50271562932740290000000000000000 
10.30617959325523200000000000000000 
9.76168826235263150000000000000000 
8.01751996771444200000000000000000 
14.80570132789765300000000000000000 
22.67919237724645900000000000000000 
9.36683126723182900000000000000000 
6.30345372630578370000000000000000 
13.48000726114869300000000000000000 
48.08787943666242600000000000000000 
12.30998073804658900000000000000000 
18.04146491453941400000000000000000 
13.64982548901504000000000000000000 
6.55526104342813380000000000000000 
13.45997232554256600000000000000000 
13.98256721892234500000000000000000 
15.08550678873768200000000000000000 
