4.76014706001545120000000000000000 
6.43570091129082920000000000000000 
0.65857762247696461000000000000000 
5.69559033048766490000000000000000 
4.55186889670846020000000000000000 
0.46017579584789969000000000000000 
1.35547846369373310000000000000000 
3.30186279866289170000000000000000 
5.44994530884147110000000000000000 
5.60787298296316020000000000000000 
1.27774785866520710000000000000000 
7.13372935136195970000000000000000 
6.00968931871586240000000000000000 
3.80890561456056930000000000000000 
3.77390662410353570000000000000000 
1.15135129422419610000000000000000 
3.29636951147023180000000000000000 
7.60085782514998250000000000000000 
6.14185090817898600000000000000000 
6.00657176216885440000000000000000 
4.61376397594036640000000000000000 
0.15244563288834245000000000000000 
5.26380593952728580000000000000000 
7.50125377067420020000000000000000 
2.86810743433882020000000000000000 
3.02863136546774350000000000000000 
4.47558243984885710000000000000000 
3.43781913014374530000000000000000 
4.73912693633325070000000000000000 
1.04533201137175590000000000000000 
3.60575303197019580000000000000000 
0.22631331170153798000000000000000 
1.38626771091855480000000000000000 
0.20990353096753625000000000000000 
0.71803764024866679000000000000000 
7.02913394574710630000000000000000 
4.63660045457649870000000000000000 
2.05094507708479280000000000000000 
5.43139792571724910000000000000000 
0.17965671525520530000000000000000 
3.90064043129605590000000000000000 
2.59780731725045170000000000000000 
3.02640988150421110000000000000000 
7.79817618422395590000000000000000 
0.66072897090422267000000000000000 
1.99992820031824640000000000000000 
2.26187326629972140000000000000000 
2.97636285037963730000000000000000 
4.84343960283188050000000000000000 
3.87588598515957420000000000000000 
0.90270923460746577000000000000000 
3.13546274929386200000000000000000 
3.08042588286964090000000000000000 
1.09397822456971780000000000000000 
0.57093815746983390000000000000000 
2.06455630192810970000000000000000 
3.74403690835026910000000000000000 
1.78481142037171820000000000000000 
3.16040813976779940000000000000000 
0.66071208413439975000000000000000 
7.11639274133603020000000000000000 
0.79864858329730937000000000000000 
1.53503325103251550000000000000000 
2.31161843615028810000000000000000 
7.29696661798064920000000000000000 
5.78409525325880210000000000000000 
2.93257529555293140000000000000000 
0.49173848227037914000000000000000 
1.11422781114050680000000000000000 
0.86253807923662773000000000000000 
6.64425537174647650000000000000000 
0.89370928751050016000000000000000 
3.38675136444645950000000000000000 
0.74566040943540501000000000000000 
2.99342922470701640000000000000000 
0.94458863920349656000000000000000 
0.53112147074958438000000000000000 
1.25372588046728110000000000000000 
1.94554426748496280000000000000000 
2.96937283056972090000000000000000 
3.31560543514840990000000000000000 
2.44338455169669500000000000000000 
2.23290451012770670000000000000000 
2.13546742089264410000000000000000 
2.27076116814218530000000000000000 
0.93360623561670320000000000000000 
2.43129966972041080000000000000000 
1.88759561948955760000000000000000 
0.99161169493182877000000000000000 
1.86511979000778560000000000000000 
0.46535042141003530000000000000000 
0.29187238519685638000000000000000 
1.24162853531032090000000000000000 
7.28093463131406530000000000000000 
3.29604346325757680000000000000000 
0.80665579209354477000000000000000 
1.18935569208651870000000000000000 
1.24391389634250940000000000000000 
0.04025507564709368500000000000000 
1.17932760529432220000000000000000 
1.34678254774502040000000000000000 
2.11131284846660390000000000000000 
2.73555783083847310000000000000000 
4.19240866146262190000000000000000 
0.52353566971957322000000000000000 
4.38202457374353040000000000000000 
0.58748708606032796000000000000000 
1.45257310783270580000000000000000 
1.67438214457716940000000000000000 
4.61462101563447380000000000000000 
1.15931566321558590000000000000000 
0.25572618982335527000000000000000 
0.42901036051606783000000000000000 
2.34196588524513590000000000000000 
0.33066877725738764000000000000000 
2.71478320062364320000000000000000 
1.82163928145245470000000000000000 
2.08066067474610290000000000000000 
0.57877672103102118000000000000000 
2.79243416649101620000000000000000 
0.60010868999009459000000000000000 
3.42554885015166020000000000000000 
0.00945170807590399110000000000000 
1.61995944564099180000000000000000 
6.53657435832402460000000000000000 
3.02427998768188330000000000000000 
0.24198728532481545000000000000000 
1.34815971818035770000000000000000 
0.63000767716292339000000000000000 
2.00521484673751970000000000000000 
1.81939439846579030000000000000000 
2.98891818199981250000000000000000 
1.75425133012487260000000000000000 
0.46150390020056209000000000000000 
0.82267572127225741000000000000000 
0.92291492139666043000000000000000 
3.15323188831151090000000000000000 
3.02670115856733450000000000000000 
1.65908647793146020000000000000000 
0.55986322660771659000000000000000 
1.54767601878489260000000000000000 
1.16287571307440450000000000000000 
2.89542842305023700000000000000000 
1.15197628353743480000000000000000 
1.80101938528450530000000000000000 
0.25773505690127030000000000000000 
0.68102741244674914000000000000000 
0.23062944921456283000000000000000 
0.63530033691026555000000000000000 
0.43743312390333761000000000000000 
1.78253742843798980000000000000000 
0.11966674794076339000000000000000 
2.27280802939911910000000000000000 
2.79461751428574210000000000000000 
1.20545009108866050000000000000000 
1.25139387947437090000000000000000 
1.93685927901994680000000000000000 
5.92429629596850840000000000000000 
0.69968162384642207000000000000000 
0.65615179117883027000000000000000 
7.09175976688321000000000000000000 
1.17251741658260180000000000000000 
0.52088231386459383000000000000000 
1.08375186313763080000000000000000 
0.55394857367711214000000000000000 
0.53711478121714351000000000000000 
3.35167897784635070000000000000000 
1.96683785452272280000000000000000 
3.64820755117236660000000000000000 
0.13934546989274599000000000000000 
0.68183060884333835000000000000000 
1.47498948867708470000000000000000 
4.88610633979730570000000000000000 
0.06025608712792070900000000000000 
0.15723542743522106000000000000000 
1.20645560674636540000000000000000 
2.10592877316736040000000000000000 
4.14364443247835190000000000000000 
2.80050670237670520000000000000000 
1.51044083012789420000000000000000 
5.68744391470755150000000000000000 
3.08094974639828800000000000000000 
7.74278477531891340000000000000000 
1.96463163941121330000000000000000 
7.14057799997144920000000000000000 
1.90800720634941380000000000000000 
3.83123491509331200000000000000000 
6.50476896222355360000000000000000 
8.11225917725831990000000000000000 
0.84349550202465784000000000000000 
9.66305870584994150000000000000000 
8.06528381684466390000000000000000 
5.06130323582387740000000000000000 
4.53177759071462470000000000000000 
4.64534752322541600000000000000000 
3.18523649125907760000000000000000 
5.28713448714354680000000000000000 
5.31067170391474620000000000000000 
8.50118170891418500000000000000000 
8.26415838013426550000000000000000 
