5.13416896335901460000000000000000 
7.87668494508663650000000000000000 
0.65893016687735551000000000000000 
6.27746644719581150000000000000000 
5.54524944489429840000000000000000 
0.43193264919533353000000000000000 
1.28052213051078120000000000000000 
3.47675083196788300000000000000000 
5.49984760156374900000000000000000 
5.69015199861593680000000000000000 
1.69538710758600360000000000000000 
8.52165506887073040000000000000000 
6.28135722947836680000000000000000 
4.80469512287402890000000000000000 
3.30224998754667220000000000000000 
1.49271939720326400000000000000000 
4.07310877247171630000000000000000 
10.02956265939833500000000000000000 
7.43604770675067340000000000000000 
5.95313014057018460000000000000000 
4.99970688116285800000000000000000 
0.12001817002484018000000000000000 
5.05741802963222310000000000000000 
9.18935406773130300000000000000000 
2.18389089666859610000000000000000 
2.23257748535737790000000000000000 
4.06909666269223800000000000000000 
4.66383238210100700000000000000000 
4.97336326723939240000000000000000 
0.93484471761914034000000000000000 
2.83632756275198710000000000000000 
0.22786325696804730000000000000000 
1.05627596374900960000000000000000 
0.15043025433732288000000000000000 
0.73634938281855511000000000000000 
8.73082835206776760000000000000000 
4.19494068657804050000000000000000 
1.78545136062762010000000000000000 
4.23288193931553100000000000000000 
0.13017182323247889000000000000000 
5.05752956644123140000000000000000 
2.28765591418238270000000000000000 
1.83580815836142210000000000000000 
12.55640024399197500000000000000000 
0.37443068206078250000000000000000 
1.18696320051759940000000000000000 
1.48994687867065690000000000000000 
1.83089829250347820000000000000000 
3.99874961976864940000000000000000 
2.48699668313436640000000000000000 
0.46248247109824148000000000000000 
1.84387378987645540000000000000000 
1.81081219194412110000000000000000 
0.84698307630785219000000000000000 
0.33226847132744575000000000000000 
1.09841581532680220000000000000000 
1.91674981979586520000000000000000 
1.06707446255315870000000000000000 
1.91177868951101450000000000000000 
0.29586618515800628000000000000000 
9.72911248890483900000000000000000 
0.35748518723222278000000000000000 
0.67414687828387909000000000000000 
1.03660747353999170000000000000000 
6.92116019245861750000000000000000 
3.63375646000765240000000000000000 
1.65947860335256970000000000000000 
0.22054816629413296000000000000000 
0.88843645806243610000000000000000 
0.37517107916183795000000000000000 
5.78212946551674010000000000000000 
0.39388771071337841000000000000000 
1.60732046839874320000000000000000 
0.31233734561766208000000000000000 
1.27679476565804580000000000000000 
0.38203915725684934000000000000000 
0.21556673206323543000000000000000 
0.66830630075641240000000000000000 
0.83677521686605527000000000000000 
1.93168790892238370000000000000000 
4.40332126910693940000000000000000 
1.05208803198715680000000000000000 
1.06891103651983180000000000000000 
1.04232654433433390000000000000000 
0.96664212478502953000000000000000 
0.43714237672712064000000000000000 
1.14928357738943920000000000000000 
0.84467395280745161000000000000000 
0.45634436586519805000000000000000 
0.93676388886101181000000000000000 
0.33810362127267346000000000000000 
0.19528106017512345000000000000000 
0.60534796020547244000000000000000 
10.25767514718164400000000000000000 
1.89092695122604050000000000000000 
0.65117768722718949000000000000000 
0.62593410823234130000000000000000 
0.70670637888700116000000000000000 
0.02515432955335418800000000000000 
0.76521988045493206000000000000000 
1.65413261799363400000000000000000 
1.34042365887373790000000000000000 
3.76690480263200330000000000000000 
5.08277681137916120000000000000000 
0.37830864838037598000000000000000 
5.02116675483219770000000000000000 
0.41725432531780421000000000000000 
1.06220671508790860000000000000000 
1.28200632554507820000000000000000 
5.04548220250251410000000000000000 
0.95232611255567146000000000000000 
0.22408076053020812000000000000000 
0.35625235353006496000000000000000 
2.09975490191765960000000000000000 
0.29734595355487775000000000000000 
2.70620721295225450000000000000000 
1.87775116902473640000000000000000 
2.03191952253192550000000000000000 
0.84101152868326157000000000000000 
3.78490415910454110000000000000000 
0.79008340801448895000000000000000 
4.05736192217798840000000000000000 
0.01058558741707139500000000000000 
1.86815665292220050000000000000000 
10.70735773124070400000000000000000 
3.91917197717322760000000000000000 
0.31190515954491838000000000000000 
1.81768329787036430000000000000000 
0.83535318747455278000000000000000 
2.72952198357266610000000000000000 
2.69821771475250480000000000000000 
4.36804130727677540000000000000000 
3.29914681780030380000000000000000 
0.67012607743827679000000000000000 
1.36601061684351510000000000000000 
1.60344920696845450000000000000000 
5.10638661858355650000000000000000 
5.16803087135222670000000000000000 
2.74235470706830680000000000000000 
0.95582230386798150000000000000000 
2.59442201554427450000000000000000 
1.98671602479670950000000000000000 
5.45916068758242550000000000000000 
2.04557916358018990000000000000000 
3.31336519329818690000000000000000 
0.47600891956287844000000000000000 
1.27062452653498180000000000000000 
0.43473911936215281000000000000000 
1.21853688614070710000000000000000 
0.84884538478726179000000000000000 
3.49352847231881600000000000000000 
0.23821103391034093000000000000000 
4.57712254422671270000000000000000 
5.67758453674046490000000000000000 
2.48461675771672090000000000000000 
2.60505646291859080000000000000000 
3.93995290469934910000000000000000 
12.00210864230503700000000000000000 
1.51440804149376040000000000000000 
1.35385160931435070000000000000000 
14.02322458161636500000000000000000 
2.56383050407579830000000000000000 
1.16613056470918730000000000000000 
2.42159724736525210000000000000000 
1.17265688536351130000000000000000 
1.18228215960982230000000000000000 
7.50433548896879010000000000000000 
4.59138167285886120000000000000000 
7.73622526033686770000000000000000 
0.32749767455155737000000000000000 
1.58794411324003050000000000000000 
3.33706945324826740000000000000000 
10.58609503606477800000000000000000 
0.13850559543162719000000000000000 
0.36566269012913494000000000000000 
2.54935315143952530000000000000000 
5.00062219295659370000000000000000 
9.17042057987391780000000000000000 
6.47507892692716600000000000000000 
3.61613672584510180000000000000000 
11.03658228541042700000000000000000 
5.97863691187413340000000000000000 
15.02503428594022400000000000000000 
3.81240160262544410000000000000000 
13.85645406154656100000000000000000 
3.70253432888229160000000000000000 
7.43459485782584300000000000000000 
12.62262128248813800000000000000000 
15.74200382389474100000000000000000 
1.63681625761082690000000000000000 
18.75139131265257200000000000000000 
15.65086934794035900000000000000000 
9.82157248007680120000000000000000 
8.79399197814596610000000000000000 
9.01439085978269540000000000000000 
6.18099873994191820000000000000000 
10.25978273490733600000000000000000 
10.30545148596605100000000000000000 
16.49668013832910400000000000000000 
16.03673373173542800000000000000000 
