2.20170859188556060000000000000000 
1.32020624569180200000000000000000 
2.88830980184196970000000000000000 
1.93566667659732320000000000000000 
1.30082931360269920000000000000000 
3.55627718888157630000000000000000 
3.38810437623008460000000000000000 
2.17366656117949920000000000000000 
2.51263353497443600000000000000000 
2.42132943842695520000000000000000 
0.87570700358587195000000000000000 
1.29802485517206320000000000000000 
2.07450933765172960000000000000000 
1.03823269897966420000000000000000 
3.88960623636090210000000000000000 
0.91780312229114858000000000000000 
1.08921106352478380000000000000000 
0.84216990215296472000000000000000 
1.14950423249624460000000000000000 
2.25190455314230990000000000000000 
1.64623988845093790000000000000000 
5.00350503523019620000000000000000 
2.38755685693182640000000000000000 
1.05069166857085870000000000000000 
5.27062777358438870000000000000000 
5.84786773568616170000000000000000 
2.68476542386311220000000000000000 
0.69682162382744472000000000000000 
1.65919068343998190000000000000000 
2.69463998881575550000000000000000 
4.02248075711474580000000000000000 
1.81866062357277910000000000000000 
4.28960476062482950000000000000000 
5.19269058466127390000000000000000 
1.66145447400289070000000000000000 
0.90295066129202795000000000000000 
2.34190031895091800000000000000000 
2.58334911365107710000000000000000 
3.52929453914504170000000000000000 
4.33905555908160600000000000000000 
0.75030902368300623000000000000000 
2.36520865207007750000000000000000 
7.41335161702247890000000000000000 
0.27777027979601532000000000000000 
9.06968361440780060000000000000000 
7.32514049241054010000000000000000 
5.03396190316652260000000000000000 
6.12230051850786960000000000000000 
2.57920898545201330000000000000000 
5.12256064719661900000000000000000 
11.04189618046089400000000000000000 
6.43754155217593380000000000000000 
6.29918686478053670000000000000000 
2.87363563320946240000000000000000 
6.22588395107078530000000000000000 
8.15422424016938410000000000000000 
9.10256309832234760000000000000000 
5.43603252185119160000000000000000 
5.17672966469361560000000000000000 
14.26263556504229700000000000000000 
0.55798308345215120000000000000000 
13.39745426253409000000000000000000 
14.14261013762056900000000000000000 
12.60667844834488500000000000000000 
1.59712742916798560000000000000000 
4.32643168618917340000000000000000 
5.65316620372107970000000000000000 
11.68171468378857700000000000000000 
2.39045210748496030000000000000000 
12.84852175687282000000000000000000 
1.93361937828201920000000000000000 
12.02522124795132000000000000000000 
9.22151999294151460000000000000000 
14.73117624984038100000000000000000 
13.68450998294061100000000000000000 
17.48339043390051000000000000000000 
17.40063875402413300000000000000000 
6.58027311134475390000000000000000 
13.85405458454209400000000000000000 
3.94345888628291250000000000000000 
0.61132670832798996000000000000000 
14.93312590805812300000000000000000 
10.04719279585151700000000000000000 
9.64099419806313660000000000000000 
18.14418773721666900000000000000000 
12.19289843364253100000000000000000 
12.29306570958520700000000000000000 
17.00394979692839900000000000000000 
15.82061112049868600000000000000000 
11.22991433978424600000000000000000 
3.52659811913077270000000000000000 
4.57408896351225100000000000000000 
16.69153208953742200000000000000000 
0.53258070474434394000000000000000 
8.96595009531190000000000000000000 
3.02505678945347970000000000000000 
17.33541107548556000000000000000000 
12.40099454989022100000000000000000 
8.54665770664295370000000000000000 
7.88880330702533430000000000000000 
0.97822081478386591000000000000000 
10.95571740024803700000000000000000 
0.66693072124166386000000000000000 
1.09803532258475010000000000000000 
7.83453011231775060000000000000000 
1.41891403456278660000000000000000 
11.71595833418377300000000000000000 
11.42404009631771300000000000000000 
9.84690547317587850000000000000000 
1.99177233604541960000000000000000 
8.54532716969839260000000000000000 
6.54730397839621590000000000000000 
11.96807983113178000000000000000000 
7.77615400071224720000000000000000 
9.33955639001139380000000000000000 
5.15693226203983630000000000000000 
4.78445157241399240000000000000000 
8.89129578147225710000000000000000 
0.87547160793654355000000000000000 
1.35979856536133510000000000000000 
1.72358425213460720000000000000000 
3.78329234558932590000000000000000 
7.83290760087536950000000000000000 
7.36912107370770380000000000000000 
0.54007727805952199000000000000000 
3.47213051059065550000000000000000 
4.46192727738150910000000000000000 
3.43759170001233150000000000000000 
5.27665562550678580000000000000000 
4.91401171432745890000000000000000 
2.22595783991210630000000000000000 
3.20634823069846190000000000000000 
0.11210599333794463000000000000000 
6.94263654928878450000000000000000 
1.14964561435087130000000000000000 
0.71215939470118517000000000000000 
2.43473874445619030000000000000000 
1.26320166306236900000000000000000 
3.04548202136825590000000000000000 
2.05982825768868820000000000000000 
5.63385338397399680000000000000000 
5.31734649772057730000000000000000 
0.29707154245985606000000000000000 
4.06237010895283830000000000000000 
1.44675748662637460000000000000000 
2.21995452742168900000000000000000 
2.80963941728526080000000000000000 
4.72324924064044000000000000000000 
2.04511050200967890000000000000000 
4.70345933711934720000000000000000 
1.40985792954859220000000000000000 
3.20569472130439690000000000000000 
2.97924123828802270000000000000000 
2.35746893045204950000000000000000 
2.98605667756978030000000000000000 
2.78928832116878220000000000000000 
0.72944440948094624000000000000000 
0.51304747223011238000000000000000 
3.91943726684517340000000000000000 
0.65724263719598186000000000000000 
0.12260934996288657000000000000000 
2.06708625824591460000000000000000 
3.18172461884738490000000000000000 
2.36532191793486750000000000000000 
0.65956117192328889000000000000000 
1.25219780879043860000000000000000 
1.53281576462425860000000000000000 
3.20162440232976530000000000000000 
0.50016101709609129000000000000000 
2.68286657659344430000000000000000 
1.98309675847938860000000000000000 
1.13523717155942670000000000000000 
0.56513432497583072000000000000000 
1.24384034309038300000000000000000 
1.37394005650405910000000000000000 
0.33743503845186490000000000000000 
1.61902434051547630000000000000000 
0.60989926976832431000000000000000 
1.01837223940656950000000000000000 
1.51593745815603760000000000000000 
0.00000321563199630520860000000000 
0.00000364354330854195830000000000 
0.00000760572624172277120000000000 
0.00000321277635332450690000000000 
0.00000981160653283206310000000000 
0.00001149518861304832600000000000 
0.00000839720398514587880000000000 
0.00000388753861860278400000000000 
0.00000649229497262118390000000000 
0.00000117799620160098860000000000 
0.00000974305671701205960000000000 
0.00000930150137634270670000000000 
0.00000850631373479927830000000000 
0.00000266826017381304380000000000 
0.00000598498858098472150000000000 
0.00000022308383924402425000000000 
0.00000414736302839266970000000000 
0.00000300190440200512080000000000 
0.00000152597393002911180000000000 
0.00000166311244042955990000000000 
