0.31233323436567872000000000000000 
0.43099616762812226000000000000000 
0.25718115349920939000000000000000 
0.34063812760891554000000000000000 
0.43462589514481353000000000000000 
0.21947742829172970000000000000000 
0.22788883633144608000000000000000 
0.31509296289410699000000000000000 
0.28468668594182789000000000000000 
0.29228404279588344000000000000000 
0.53313230589226135000000000000000 
0.43515630292220037000000000000000 
0.32525515136792105000000000000000 
0.49062111529296842000000000000000 
0.20451544596037896000000000000000 
0.52142995721340080000000000000000 
0.47864958091542159000000000000000 
0.54283809480943568000000000000000 
0.46522355475368760000000000000000 
0.30751210057309392000000000000000 
0.37789468912638235000000000000000 
0.16656936141999193000000000000000 
0.29519799732770202000000000000000 
0.48764034853513932000000000000000 
0.15947366613157846000000000000000 
0.14603085786670780000000000000000 
0.27138769635750620000000000000000 
0.58933713830469969000000000000000 
0.37605426576870382000000000000000 
0.27066236575881658000000000000000 
0.19910479469402048000000000000000 
0.35477843328738706000000000000000 
0.18905004159174191000000000000000 
0.16148069830533890000000000000000 
0.37573440003126418000000000000000 
0.52549969914671335000000000000000 
0.29923094783207593000000000000000 
0.27906853847715085000000000000000 
0.22078493490705109000000000000000 
0.18729904361062957000000000000000 
0.57132768355144314000000000000000 
0.29715839443859121000000000000000 
0.11885869573984409000000000000000 
0.78261328801577790000000000000000 
0.09930798605918365900000000000000 
0.12011809301135896000000000000000 
0.16572859027751180000000000000000 
0.14040407272922839000000000000000 
0.27939134151277045000000000000000 
0.16333035434412188000000000000000 
0.08304339989432842100000000000000 
0.13445303034407102000000000000000 
0.13700156175273734000000000000000 
0.25815541126966035000000000000000 
0.13839137284398437000000000000000 
0.10923918551305846000000000000000 
0.09898478141315068800000000000000 
0.15537522481511182000000000000000 
0.16189797097904932000000000000000 
0.06551948356091333300000000000000 
0.64185549292628896000000000000000 
0.06945672351272956500000000000000 
0.06603881305215554600000000000000 
0.07349332195923538600000000000000 
0.38504079113297862000000000000000 
0.18774295042455633000000000000000 
0.15030437680043307000000000000000 
0.07885369013058861300000000000000 
0.29494591526373182000000000000000 
0.07220987319485666600000000000000 
0.34087585029030526000000000000000 
0.07677412774522242300000000000000 
0.09783280771260551000000000000000 
0.06356803738755051300000000000000 
0.06809896967360346000000000000000 
0.05410262817182573400000000000000 
0.05434593947350358600000000000000 
0.13192136817648226000000000000000 
0.06732168609644483000000000000000 
0.20228751224669744000000000000000 
0.62060660624043174000000000000000 
0.06276232333632997300000000000000 
0.09052073395292999100000000000000 
0.09397618130287289900000000000000 
0.05223517517308821900000000000000 
0.07579835507942299400000000000000 
0.07522719151827646200000000000000 
0.05554336749875891200000000000000 
0.05945087207808610900000000000000 
0.08176672151717143100000000000000 
0.22091645285975300000000000000000 
0.17940151413907410000000000000000 
0.05652421706265841500000000000000 
0.65249418637748935000000000000000 
0.10034166240411055000000000000000 
0.24844369963182047000000000000000 
0.05453927353376875100000000000000 
0.07462132726620592000000000000000 
0.10474870166384610000000000000000 
0.11250108315588919000000000000000 
0.50550474068753382000000000000000 
0.08364199039860657800000000000000 
0.59990495541117606000000000000000 
0.47663639846063882000000000000000 
0.11319221138945766000000000000000 
0.41340865599663523000000000000000 
0.07864133978103264600000000000000 
0.08048911563770500000000000000000 
0.09219219273856259200000000000000 
0.33425003231422973000000000000000 
0.10476330273670414000000000000000 
0.13249764457115421000000000000000 
0.07711241857097093900000000000000 
0.11394512903019284000000000000000 
0.09671594817801443300000000000000 
0.16241854830293240000000000000000 
0.17287723606659494000000000000000 
0.10109898865557494000000000000000 
0.53319922080837756000000000000000 
0.42376498345183067000000000000000 
0.36716323323438615000000000000000 
0.20906102486545697000000000000000 
0.11321300359814664000000000000000 
0.11948686023214361000000000000000 
0.64931806620768240000000000000000 
0.22360706997075655000000000000000 
0.18308555738944365000000000000000 
0.22534745591786218000000000000000 
0.15932051392723312000000000000000 
0.16908995928725853000000000000000 
0.30998545226717711000000000000000 
0.23773590419877116000000000000000 
0.89919486630814505000000000000000 
0.12590277721942900000000000000000 
0.46519295707351754000000000000000 
0.58405777119514335000000000000000 
0.29114295857699257000000000000000 
0.44185191992431039000000000000000 
0.24718933237572061000000000000000 
0.32681572813350418000000000000000 
0.15074195073647406000000000000000 
0.15829430922632146000000000000000 
0.77096749659893926000000000000000 
0.19753593247390047000000000000000 
0.40870417500134626000000000000000 
0.31056339196216198000000000000000 
0.26249203414442762000000000000000 
0.17472592192893885000000000000000 
0.32839530760543201000000000000000 
0.17533218716784454000000000000000 
0.41496222152287504000000000000000 
0.23777284521731759000000000000000 
0.25130419095431045000000000000000 
0.29784341142521309000000000000000 
0.25087450603178080000000000000000 
0.26390179771054112000000000000000 
0.57822037789588587000000000000000 
0.66091779561025876000000000000000 
0.20327528246768317000000000000000 
0.60341194316118851000000000000000 
0.89078182008109941000000000000000 
0.32604234631858908000000000000000 
0.23913578514781098000000000000000 
0.29714839304694241000000000000000 
0.60256893021971936000000000000000 
0.44401073302573635000000000000000 
0.39481750467876980000000000000000 
0.23800318739711920000000000000000 
0.66659511119395132000000000000000 
0.27152762099923100000000000000000 
0.33522211344889219000000000000000 
0.46833204916045484000000000000000 
0.63892279662031071000000000000000 
0.44566450687071874000000000000000 
0.42124062790053435000000000000000 
0.74769986672215527000000000000000 
0.38182157551203971000000000000000 
0.62115687532668240000000000000000 
0.49544874848953252000000000000000 
0.39746615988336714000000000000000 
0.99999678437834405000000000000000 
0.99999635646996676000000000000000 
0.99999239433160492000000000000000 
0.99999678723396845000000000000000 
0.99999018848973387000000000000000 
0.99998850494352487000000000000000 
0.99999160286652744000000000000000 
0.99999611247649434000000000000000 
0.99999350774717710000000000000000 
0.99999882200518597000000000000000 
0.99999025703820921000000000000000 
0.99999069858514089000000000000000 
0.99999149375862206000000000000000 
0.99999733174694572000000000000000 
0.99999401504723895000000000000000 
0.99999977691621056000000000000000 
0.99999585265417223000000000000000 
0.99999699810460951000000000000000 
0.99999847402839848000000000000000 
0.99999833689032547000000000000000 
